
strategic_region={
	id=1
	name="STRATEGICREGION_1"
	provinces={
		8 43 76 1242 1315 1524 1755 1853 1890 1994 2038 2094 2105 2244 2248 2349 2364 2525 2536 2761 2862 2912 2991 3060 3155 3156 3300 3822 3871 4082 4282 4287 4319 4488 4596 4661 4818 4994 5021 5458 5504 5528 5556 5582 5586 5596 5665 5791 5802 5834 5859 5877 5970 6018 6034 6094 6174 6331 6370 6457 6558 6597 6645 6760 6960 7130 7270 7284 7287 7429 7746 7814 8080 8122 8269 8396 8465 8495 8501 8520 8578 8591 8594 8649 8869 8929 8965 9041 9344 9360 9419 9528 9529 9561 9593 9612 9641 10710 10733 10737 10745 10801 10806 10811 10821 10823 10871 10874 10876 10884 10891 10897 10907 10908 10909 10926 10930 10985 11042 11048 11081 11116 11119 11175 11188 11222 11246 11251 11263 11275 11297 11298 11306 11322 11337 11359 11381 11429 11460 11461 11530 11577 11595 11602 11626 11637 11660 11691 11692 11754 11815 11841 11871 11874 11896 11917 11930 11961 18787 19310 19311 19313 19314 19317 19387 19388 19389 19390 19391 19392 
	}
	weather={
	}
}
