
strategic_region={
	id=10
	name="STRATEGICREGION_10"
	provinces={
		90 302 420 833 1092 1216 1221 1446 1480 1698 1781 1884 1927 2095 2155 2535 2601 2692 2958 3034 3105 3190 3296 3574 4078 4226 4234 4274 4275 4280 4336 4365 4378 4413 4622 4711 4799 4844 4870 4925 4974 5502 5525 5827 5931 5945 5984 6016 6025 6219 6231 6271 6376 6449 6490 6623 6672 6691 6701 6818 6832 6866 6901 6933 7045 7051 7061 7104 7207 7217 7394 7533 7604 7733 7750 7764 7803 7830 8111 8193 8287 8358 8362 8452 8474 8503 8537 8583 8712 8862 8903 8911 9063 9098 9299 9350 9394 9418 9426 9431 9435 9493 9498 9574 9585 10854 10920 10923 10946 10981 10993 10998 11005 11050 11093 11099 11131 11132 11167 11198 11199 11234 11243 11282 11286 11314 11340 11341 11362 11367 11375 11390 11407 11408 11421 11449 11464 11465 11466 11542 11546 11547 11560 11566 11571 11572 11573 11574 11589 11596 11604 11629 11633 11646 11650 11676 11687 11694 11715 11716 11736 11746 11767 11772 11773 11784 11820 11822 11823 11836 11844 11845 11854 11855 11878 11879 11880 11892 11921 11922 11924 11925 11945 11957 11966 11971 11986 12023 12034 12045 12087 12112 12160 12172 12177 12185 12247 12252 12340 19855 19908 19920 19921 19922 19934 20545 20553 20554 21641 
	}
	weather={
	}
}
