
strategic_region={
	id=100
	name="STRATEGICREGION_100"
	provinces={
		114 274 378 537 549 555 1163 1873 1951 2024 2396 2511 2716 2783 3104 3327 3442 3519 4149 4222 4417 5108 5245 5293 5369 5431 5474 5717 5954 6235 6310 6637 6852 6897 7032 7076 7931 8497 8521 8522 8526 8636 8939 9014 9036 9131 9242 9345 9380 9626 13258 13283 13337 13367 13390 13411 13436 13523 13531 13569 13627 13652 13686 13699 13720 13753 13759 13765 13815 13826 13832 13887 13888 13905 13910 13927 13955 13977 14022 15855 15884 19324 19325 20390 20448 20449 20450 
	}
	weather={
	}
}
