
strategic_region={
	id=104
	name="STRATEGICREGION_104"
	provinces={
		258 314 362 393 520 771 813 865 1452 1495 1504 1570 1595 1641 1722 2008 2329 2524 2532 2633 2801 2972 3026 3298 3460 3611 4244 4906 5825 6077 6189 6474 6999 7093 7149 7189 7322 7364 7423 7450 7704 7799 8139 8175 8361 8437 8565 8777 8792 8896 9024 9235 9256 9296 12843 12879 12890 12906 12921 12927 12935 12950 12990 12999 13043 13064 13077 13142 13157 13163 13189 13196 13220 13227 13235 13279 13280 13299 13361 13391 13407 13412 13463 13498 13499 13516 13524 13565 13583 13622 13623 13660 13736 15893 18530 
	}
	weather={
	}
}
