
strategic_region={
	id=107
	name="STRATEGICREGION_107"
	provinces={
		14 119 331 947 1073 1100 1281 1542 1543 1597 1679 1683 1701 2025 2255 2357 2457 2469 2691 2750 2916 3175 3690 3706 3709 3974 4035 4058 4130 4221 4320 4388 4560 4629 4663 4676 4731 4837 4854 5097 5234 5256 5422 5453 5464 5631 5694 5746 5757 5882 5910 5957 6084 6100 6126 6131 6162 6178 6434 6521 6628 6644 6680 6996 7008 7102 7169 7182 7369 7385 7436 7453 7525 7547 7772 7910 7979 8006 8203 8291 8295 8363 8380 8436 8652 8698 8945 9060 9061 9169 9209 9329 9440 9519 9542 9586 9606 12476 12486 12532 12573 12574 12575 12602 12609 12618 12633 12703 12734 12745 12751 12774 12789 12794 12801 12827 12828 12831 12866 12867 12868 12874 12934 12949 12988 12997 12998 13019 13042 13051 13063 13093 13102 13109 13110 13141 13147 13174 13183 13184 13195 13203 13242 13250 13272 13284 13315 13316 13328 13382 13387 13405 13427 13450 13458 15779 15869 15875 
	}
	weather={
	}
}
