
strategic_region={
	id=109
	name="STRATEGICREGION_109"
	provinces={
		104 173 358 431 439 505 628 1823 1954 2035 2220 2239 2245 2387 2408 2443 2534 2786 2839 2903 3139 3201 3483 3589 3880 4040 4099 4193 4194 4763 4849 5235 5460 5619 5904 5989 6114 6395 6538 6636 7119 7171 7878 8031 8096 8210 8250 8282 8298 8395 8689 8949 9363 9393 9499 9568 9615 10575 10622 10656 10668 10679 10699 10713 10721 10724 10734 10744 10753 10758 10759 10771 10779 10783 10817 10825 10841 10887 10922 10988 10989 11010 11035 11047 11079 11153 11202 15798 15876 15982 16201 16565 16940 17038 17128 17492 17858 18221 18222 18245 
	}
	weather={
	}
}
