
strategic_region={
	id=110
	name="STRATEGICREGION_110"
	provinces={
		74 498 529 629 726 753 1440 1669 2010 2040 2228 2363 2732 2758 2815 3176 3216 3297 4003 4140 4438 4465 4956 5057 5548 5786 5792 5977 6004 6120 6121 6290 6386 6425 6525 6632 6774 7042 7834 7951 8015 8022 8081 8088 8144 8389 8782 9452 9458 10127 10150 10180 10208 10293 10299 10319 10330 10364 10382 10399 10404 10405 10435 10446 10456 10491 10492 10528 10582 10590 10595 15868 15902 16000 16250 16293 16319 16358 16532 16564 16581 16625 16690 16691 16728 16777 16956 16998 17017 17213 17333 17338 17471 17585 17636 17727 17793 17800 17810 18012 18166 18212 18225 18259 18592 18627 18755 19003 19020 19051 19084 19088 19089 
	}
	weather={
	}
}
