
strategic_region={
	id=111
	name="STRATEGICREGION_111"
	provinces={
		130 450 482 1211 1424 2071 2160 2192 2342 2642 2679 2808 3309 3402 3792 4044 4396 4762 4964 5130 5254 5283 5455 5638 5871 6617 6857 7151 7312 8090 8894 8974 9404 9877 9942 9943 9949 9959 9967 9970 9973 9984 9985 9988 9989 10005 10012 10028 10037 10052 10067 10071 10078 16059 16083 16211 16277 16396 16419 16495 16602 16702 16751 16794 16824 16842 16878 17011 17042 17070 17101 17111 17228 17244 17252 17353 17400 17408 17522 17529 17660 17744 17761 17838 18145 18223 18286 18289 18517 18519 18548 18778 19010 19014 19045 19047 19049 19074 19290 19292 19664 
	}
	weather={
	}
}
