
strategic_region={
	id=112
	name="STRATEGICREGION_112"
	provinces={
		209 304 345 599 799 894 971 1514 1659 1791 2218 2262 2795 2805 2809 2867 3062 3090 3262 3315 3367 3502 3618 3715 3782 3809 3821 4733 5000 5136 5652 5810 5841 5850 5852 5907 6023 6662 6904 7376 7382 7929 8053 8202 9186 9667 9781 9789 9791 9812 9813 9822 9827 9836 9844 9849 9850 9860 9861 9863 9890 9900 9917 9947 9951 18521 18522 18523 18524 18559 18562 18581 18606 18645 18648 18659 18721 18757 18772 18780 18950 18953 18972 18975 18978 18982 18987 18988 18989 18995 18997 19001 19006 19008 19021 19287 19669 19678 19679 19680 19681 19682 19683 19684 19685 19686 19687 19689 19691 19692 19694 19696 19697 19698 19699 19703 19704 19712 
	}
	weather={
	}
}
