
strategic_region={
	id=113
	name="STRATEGICREGION_113"
	provinces={
		9 348 405 959 1749 1864 1915 2645 2813 3003 3069 3247 3261 3410 3546 3884 3920 4073 4162 4451 5022 5242 5264 6318 7153 7231 7244 7320 8018 8211 8707 9228 9619 9790 9825 9829 9851 9853 9862 9864 9871 9905 16054 16130 16136 16143 16240 16254 16312 16443 16452 16493 16528 16549 16574 16583 16663 16680 16709 16763 16800 16855 16883 16987 17080 17091 17113 17153 17240 17325 17328 17399 17449 17565 17580 17603 17610 17622 17689 17773 17908 17983 18028 18072 18091 18124 18129 18142 18164 18231 18405 18475 18504 18513 18515 18578 18637 18663 18669 18751 18760 18939 18943 18945 18946 18958 18964 18965 18984 18991 19009 19274 19283 19716 19717 19726 
	}
	weather={
	}
}
