
strategic_region={
	id=114
	name="STRATEGICREGION_114"
	provinces={
		71 183 230 399 447 720 755 930 1247 1307 1583 1974 2019 2112 2811 2941 2963 3355 3458 3637 3643 3695 3993 4424 4464 4833 5323 5386 5593 6819 9728 9730 9758 9770 9834 15962 16228 16469 16732 16757 16858 16866 17140 17253 17259 17360 17455 17464 17730 17757 17796 17875 17927 17938 17961 18001 18039 18056 18080 18484 18529 18574 18577 18583 18599 18629 18674 18705 18727 18743 18765 18864 18870 18871 18874 18877 18883 18897 18900 18902 18903 18904 18906 18908 18910 18912 18914 18917 18936 18938 19264 19266 19267 19268 19706 19711 19718 19719 19720 19721 19724 
	}
	weather={
	}
}
