
strategic_region={
	id=116
	name="STRATEGICREGION_116"
	provinces={
		32 42 59 107 116 374 384 388 390 402 472 533 639 742 749 774 780 900 961 1004 1112 1128 1191 1293 1523 1529 1625 1695 1715 1807 1862 1883 1955 2084 2127 2375 2413 2418 2455 2500 2548 2592 2629 2632 2810 2999 3120 3204 3528 3657 4079 4083 4453 4747 4813 4954 6222 6602 7335 7526 9113 9684 9689 9691 9700 9701 9711 9716 9717 9723 9725 9727 9729 17121 18109 18539 18680 18821 18859 18880 19245 19260 19438 19505 19506 19507 19508 19509 19510 19511 19512 19513 19514 19515 19529 19561 19670 19671 19672 19676 19677 
	}
	weather={
	}
}
