
strategic_region={
	id=117
	name="STRATEGICREGION_117"
	provinces={
		224 339 461 470 526 631 665 795 851 957 958 988 1002 1133 1285 1426 1476 1499 1924 1939 1987 2004 2442 2510 2631 2832 2911 3199 3473 3842 3879 3889 3951 3977 4168 4533 4594 4877 5023 5024 5042 5172 5204 5398 5427 5526 6054 6133 6172 6206 6284 6323 6606 6740 6802 6805 6871 7053 7276 7309 7373 7791 7857 7940 7941 8213 8343 8393 8429 8703 8804 8876 9275 9462 9482 9594 9784 9793 9799 9805 9811 9816 9828 9832 9848 9852 9859 9865 9869 9880 9888 9893 9896 9902 9908 9909 9910 9923 9940 9941 9955 9960 9966 18534 18584 18611 18633 18693 18707 18710 18723 18734 18954 18971 18980 18986 19005 19017 19025 19042 19046 19275 19279 19282 19285 19286 19652 19654 19655 19656 19661 19662 19663 19665 19667 19668 19688 19690 19693 19700 19701 19702 19705 19715 
	}
	weather={
	}
}
