
strategic_region={
	id=122
	name="STRATEGICREGION_122"
	provinces={
		23 30 140 280 322 392 475 492 558 611 614 653 725 922 1027 1043 1355 1478 1590 1623 1820 1850 1902 1919 1925 1926 1935 1992 2047 2091 2212 2231 2440 2441 2523 2529 2543 2604 2817 2851 2923 2935 2969 2971 3028 3231 3275 3336 3392 3439 3583 3702 3873 3938 4084 4311 4345 4419 4434 4593 4650 4842 4966 5074 5077 5080 5287 5408 5437 5452 5492 5544 5646 5684 5758 5854 6012 6163 6173 6326 6361 6482 6620 6634 6688 6820 6850 6946 6948 6969 7115 7135 7147 7766 7790 7999 8048 8182 8218 8487 8529 8531 8550 8558 8724 8743 9027 9142 9567 9815 9842 9867 9882 9885 9886 9889 9916 9922 9927 9931 9957 9958 9963 9965 9976 9978 9979 9987 9991 9994 9995 9999 10004 10006 10007 10009 10010 10023 10024 10029 10057 10062 10080 10088 10108 10124 10134 10143 10157 10168 10179 10201 18590 19289 19293 19295 19296 19299 19424 19425 19426 19427 19428 19429 19430 19431 19432 19433 19434 19435 19436 19437 19445 19446 19447 19448 19449 19450 19458 19459 19461 19462 19463 19523 19524 19525 19526 19527 
	}
	weather={
	}
}
