
strategic_region={
	id=123
	name="STRATEGICREGION_123"
	provinces={
		238 338 429 580 588 711 738 784 842 944 1106 1110 1155 1383 1517 1565 1602 1742 1751 1798 1835 1844 1936 1958 1989 2063 2146 2259 2474 2515 2607 2616 2701 2741 2962 3011 3071 3166 3210 3313 3352 3421 3516 3545 3584 3692 3857 3899 3916 4039 4224 4571 4611 4619 4645 4710 4811 4872 4886 5051 5272 5304 5393 5438 5501 5580 5743 5844 5886 5901 5975 6145 6157 6315 6329 6413 6455 6463 6554 6621 6666 6674 6764 6780 6817 6872 6907 6947 6972 7066 7078 7259 7298 7323 7431 7657 7662 7773 7993 8005 8008 8066 8197 8243 8572 8772 8830 8871 8902 8953 8982 8990 9096 9158 9385 9470 9481 9486 9540 9621 9936 9938 9961 9993 9998 10000 10008 10011 10015 10017 10019 10025 10027 10030 10039 10043 10045 10047 10051 10058 10063 10065 10068 10074 10077 10084 10091 10092 10103 10104 10110 10120 10125 10133 10137 10144 10158 10159 10162 10163 10164 10169 10182 10184 10185 10187 10191 10210 10211 10214 10215 10241 10242 10248 10250 10255 10262 10263 10265 10266 10268 10285 10292 10294 10306 10309 10322 10339 10362 10378 10387 10397 10421 10465 10466 10475 10501 10513 10525 10530 10537 10580 10588 10620 10621 10626 10646 10658 18580 18587 18665 18684 18769 19055 19056 19058 19060 19062 19063 19064 19068 19069 19070 19076 19083 19093 19099 19297 19301 19302 19303 19304 19305 19306 19309 19530 19531 19532 19533 19534 19535 19536 19537 19541 19542 19543 19562 19564 19565 19566 19567 19568 19594 19595 19596 19597 19598 19599 19601 19602 19603 19604 19628 19629 19630 19631 19632 19633 
	}
	weather={
	}
}
