
strategic_region={
	id=124
	name="STRATEGICREGION_124"
	provinces={
		129 268 275 287 316 501 515 565 735 752 757 825 869 903 911 1005 1030 1058 1157 1375 1392 1415 1505 1549 1588 1654 1977 2098 2099 2178 2199 2252 2318 2386 2391 2651 2745 2858 2892 2897 2997 2998 3008 3109 3312 3387 3425 3737 3808 3814 4286 4312 4671 4890 5309 5411 5430 5476 5606 5686 5721 5747 6215 7080 7263 7327 7683 7877 7891 7934 8000 8087 8231 8678 8771 8836 8861 9200 9321 9339 9502 9505 9776 9778 9779 9788 9797 9809 9814 9843 9846 9855 9868 9883 9895 9904 9907 9946 9948 9952 9972 9977 18566 18602 18915 18933 18940 18957 18974 19012 19048 19272 19273 19276 19280 19288 19294 19538 19539 19544 19545 19546 19547 19548 19569 19570 19571 19572 19573 19574 19575 19576 19577 19591 19592 19593 19600 
	}
	weather={
	}
}
