
strategic_region={
	id=129
	name="STRATEGICREGION_129"
	provinces={
		11 67 94 563 608 1101 1273 1319 1450 1599 1895 2271 2313 2358 2459 2667 3249 3361 3371 3380 3391 3437 3448 3675 3843 4011 4410 4770 5069 5218 5334 5496 5557 5568 5671 5705 6275 6307 6348 6499 6612 6685 6924 7084 7415 7446 7573 7693 7698 7729 7734 7869 7879 8187 8244 8277 8284 8315 8417 8485 8494 8615 8708 8829 8955 9009 9065 9252 9398 9489 14364 14412 14471 14472 14480 14496 14499 14519 14545 14546 14573 14591 14593 14602 14614 14620 14621 14638 14655 14661 14677 14688 14698 14700 14707 14714 14715 14725 14739 14744 14756 14767 14775 14779 14787 14803 14824 14831 14843 14844 14845 14863 14867 14874 15998 16076 16165 16216 16269 16414 16429 16450 16477 16488 16536 16559 16614 16733 16892 17076 17116 17380 17519 17691 17709 17759 17889 18125 18237 18250 18340 18582 18615 18726 18791 18863 18948 19035 19072 19080 19092 
	}
	weather={
	}
}
