
strategic_region={
	id=13
	name="STRATEGICREGION_13"
	provinces={
		493 538 741 1156 1232 1528 1544 1821 1878 1911 1957 2194 2208 2677 2753 2863 3347 3434 3456 3505 3596 3640 3778 3850 3963 3994 4012 4232 4300 4522 4535 4746 4751 4965 4984 5020 5140 5223 5277 5454 5563 5590 5846 5935 5956 6078 6539 6798 6806 6815 7095 7228 7278 7297 8212 8328 8606 8627 8884 8938 9088 9253 9400 9464 14608 14619 14630 14633 14649 14654 14672 14676 14686 14691 14693 14697 14699 14703 14704 14710 14719 14735 14742 14743 14746 14755 14761 14762 14766 14791 14801 14802 14806 14819 14820 14823 14833 14834 14840 14841 14860 14870 14881 14882 14892 14896 14898 14899 14904 14907 14911 14931 14937 14938 14942 14962 14968 15941 16350 16993 17108 17167 17216 17923 17944 18389 18970 20197 20362 20363 20364 20365 20366 20367 20368 20369 20371 20372 20373 20374 20375 20376 20377 20378 20379 20380 20381 20382 20384 20385 
	}
	weather={
	}
}
