
strategic_region={
	id=130
	name="STRATEGICREGION_130"
	provinces={
		27 97 521 578 870 963 1170 1274 1431 1508 1600 2083 2242 2340 2439 2836 2955 3153 3200 3318 3353 3393 3462 3601 3918 4147 4219 4292 4307 4347 4367 4681 4839 4868 4879 4953 5153 5177 5182 5203 5289 5524 5535 5576 5617 6053 6193 6303 6497 6593 6648 6899 7070 7162 7195 7201 7293 7494 7634 8332 8789 8874 8924 9073 9391 9662 9666 9964 9981 10020 10032 10046 10055 10060 10085 10093 10094 10096 10101 10111 10115 10116 10119 10140 10148 10151 10155 10156 10170 10172 10173 10202 10203 10227 10232 10235 10236 10247 10257 10260 10281 10289 10331 18248 18701 18785 18992 19022 19030 19090 19094 
	}
	weather={
	}
}
