
strategic_region={
	id=131
	name="STRATEGICREGION_131"
	provinces={
		156 239 284 354 435 589 802 850 938 1231 1244 1541 1731 1743 1769 1787 1910 2011 2064 2110 2118 2142 2227 2264 2332 2433 2697 2977 2988 3118 3126 3518 3564 3629 3670 3948 3991 4042 4204 4272 4315 4430 4616 4644 4986 5057 5081 5278 5292 5297 5319 5486 5552 5630 5633 5793 6118 6165 6228 6265 6391 6450 6681 6697 6952 7152 7266 7499 7609 7794 8323 8326 8414 8655 8684 8844 9614 9625 10153 10176 10186 10193 10218 10280 10302 10316 10320 10332 10350 10371 10386 10408 10416 10422 10436 10451 10452 10457 10468 10472 10505 10516 10517 10539 10563 10627 18542 18549 18709 18744 18955 18969 19096 19307 
	}
	weather={
	}
}
