
strategic_region={
	id=133
	name="STRATEGICREGION_133"
	provinces={
		198 552 1076 1153 1472 1614 1764 1772 2327 2463 2473 2675 2918 3075 3191 3359 3470 3645 3750 3906 3999 4363 4766 4772 5043 5183 5284 5467 5749 5781 5997 6170 6203 6230 6278 6301 6385 6517 6690 6844 6979 7191 7288 7760 7777 8382 8732 8922 8926 9049 11752 11792 11857 11903 11909 11938 11941 11959 11978 11998 12004 12028 12036 12049 12062 12089 12134 12147 12155 12180 12188 12217 12296 12350 12384 12408 12540 12595 12662 12714 12757 16348 18368 
	}
	weather={
	}
}
