
strategic_region={
	id=134
	name="STRATEGICREGION_134"
	provinces={
		1324 2043 2219 2274 2403 2565 2673 2954 3293 3317 3705 3979 4045 4150 4338 4440 4700 4847 4947 5148 5282 5740 5790 6086 6304 6489 6530 6639 6739 6908 7099 7142 7166 7466 7579 7906 7923 7988 8113 8143 8330 8381 8433 8477 8826 9675 11927 11984 12011 12025 12029 12030 12063 12064 12065 12075 12090 12115 12163 12164 12189 12196 12212 12224 12230 12240 12289 12301 12302 12316 12385 12397 12409 12455 12466 12508 12527 12577 12615 12652 12696 12704 12752 12833 16825 17439 17608 
	}
	weather={
	}
}
