
strategic_region={
	id=137
	name="STRATEGICREGION_137"
	provinces={
		279 516 981 1145 1288 1345 1647 2257 2409 2643 2985 3572 4104 4196 4351 4462 4649 4667 4809 4955 4967 5205 5451 5545 5600 5654 5730 5960 5962 5971 6141 6313 6591 6650 6684 6892 7168 7254 7432 7597 7672 7692 7730 7884 7917 8105 8186 8245 8566 8624 8640 9054 9093 9107 9151 9155 9165 9203 9441 9475 9525 9668 12886 12967 13008 13021 13044 13078 13086 13103 13111 13143 13164 13209 13251 13252 13259 13264 13291 13310 13318 13329 13371 13383 13413 13428 13479 13510 13552 13560 13566 13584 13633 13643 13657 13661 13680 13710 13760 13792 13799 13807 13827 13839 13860 13879 13889 13908 13931 13970 14024 14077 15825 16141 16570 17058 17154 17601 17939 18246 18254 18360 19079 
	}
	weather={
	}
}
