
strategic_region={
	id=139
	name="STRATEGICREGION_139"
	provinces={
		373 381 383 465 543 579 675 727 820 1164 1419 1615 1619 1804 1976 2106 2186 2201 2315 2346 2394 2402 2416 2522 2561 2796 2797 2964 2989 3042 3489 3506 3513 3515 3560 3634 3773 3797 3802 4023 4088 4100 4164 4220 4285 4390 4398 4433 4754 4768 4795 4975 5169 5251 5317 5382 5547 5577 5643 5776 5777 5826 5878 5925 5928 5953 6006 6072 6238 6295 6614 6875 6898 6900 6943 6987 7140 7186 7267 7328 7606 7776 7844 7975 8016 8070 8183 8204 8208 8453 8623 8711 8736 8882 8895 9012 9059 9122 9176 9178 9294 9604 13204 13300 13306 13348 13372 13429 13464 13491 13553 13601 13646 13669 13681 13688 13711 13761 13780 13808 13816 13840 13865 13880 13929 13932 13936 13950 13951 13956 13971 13992 13998 14004 14025 14053 14057 14062 14087 14095 14104 14109 14128 14140 14143 14149 14151 14155 14168 14172 14179 14182 14214 14240 14241 14250 14276 14298 14314 14373 14422 15977 16122 16410 16585 16592 16628 16753 16817 17272 17575 18105 18106 18183 
	}
	weather={
	}
}
