
strategic_region={
	id=14
	name="STRATEGICREGION_14"
	provinces={
		39 83 363 577 650 707 777 924 1291 1510 1822 1861 2175 2181 2324 2458 2552 2582 2704 2967 3043 3403 3486 3488 3755 3787 3830 3926 4120 4160 4190 4230 4245 4330 4381 4460 4478 4591 4601 4928 5125 5151 5311 5733 5737 5863 5940 6048 6175 6221 6328 6656 6658 6938 7233 7257 7344 7390 7515 7571 7614 7675 7719 7767 7805 7835 7839 8010 8049 8061 8123 8257 8384 8400 8413 8470 8593 8612 8735 8798 9166 9250 9281 9320 9450 9503 9648 13327 13360 13377 13389 13410 13426 13445 13449 13457 13467 13468 13469 13521 13522 13530 13536 13541 13589 13600 13609 13615 13621 13626 13641 13659 13672 13675 13676 13708 13718 13719 13746 13752 13784 13805 13813 13814 13825 13836 13837 13843 13859 13868 13871 13877 13907 13914 13919 13920 13924 13949 13959 13969 13981 14013 14021 14034 14047 14056 14064 14065 14094 14099 14103 14119 14139 14174 14175 14191 14202 14218 14222 14232 14233 14273 14317 16902 18083 18234 18713 19319 20388 20389 20391 20392 20418 20432 20433 20434 20435 20436 20438 20439 20440 20441 20442 20443 20444 20445 20446 20447 20451 20452 20453 20454 
	}
	weather={
	}
}
