
strategic_region={
	id=143
	name="STRATEGICREGION_143"
	provinces={
		18 58 126 177 179 222 243 272 323 403 425 518 539 557 582 601 617 663 691 700 709 763 792 885 975 1062 1152 1189 1198 1320 1398 1430 1538 1592 1601 1690 1696 1748 1808 1913 2093 2102 2139 2162 2202 2282 2303 2378 2449 2454 2505 2572 2639 2685 2896 2908 3001 3061 3274 3382 3386 3503 3581 3874 3915 3964 4028 4169 4327 4905 5341 5462 5507 5760 6262 6362 6541 6717 7230 7678 7856 8063 8293 9436 9692 9694 9695 9697 9698 9699 9704 9706 9713 9714 9718 9719 9720 9737 9744 9750 9753 16533 17363 17451 17477 18350 18540 19214 
	}
	weather={
	}
}
