
strategic_region={
	id=144
	name="STRATEGICREGION_144"
	provinces={
		45 60 88 158 349 540 954 1236 1296 1539 1801 1923 2182 2393 2635 2756 3459 3765 3826 3961 4096 4134 4343 4603 4712 7219 8768 9354 9514 9783 9787 9795 9803 9804 9818 9821 9826 9854 15924 15993 16034 16244 16285 16338 16369 16503 16789 16800 16934 17020 17292 17303 17304 17311 17376 17415 17427 17443 17512 17523 17530 17535 17561 17696 17741 17781 17861 17871 17945 17951 17986 18097 18197 18205 18208 18217 18271 18373 18487 18520 18543 18620 18770 18932 18935 18994 18998 19000 19277 19281 
	}
	weather={
	}
}
