
strategic_region={
	id=147
	name="STRATEGICREGION_147"
	provinces={
		259 389 502 587 701 950 1018 1032 1188 1250 1251 1483 1908 2371 2489 2566 3070 3152 3173 3326 3533 3548 3549 3559 3729 3820 3825 3947 4091 4258 4297 4471 4584 5029 5052 5244 5579 5584 5829 5857 5884 6057 6181 6204 6281 6285 6324 6380 6418 7122 7346 7468 7608 7727 7769 7968 8019 8052 8116 8191 8347 8405 8849 9392 9549 9919 9920 9924 9932 9933 9934 9954 9956 9982 9990 9996 9997 10002 10021 10035 10036 10041 10050 10053 10056 10059 10113 10135 15925 15935 16065 16180 16182 16190 16194 16590 16658 16695 16700 16707 16995 17318 17334 17344 17351 17385 17390 17410 17498 17531 17677 17752 17803 17859 17869 17904 18061 18287 18343 18374 18391 18420 18430 18438 18445 18450 18601 18696 18697 18738 18783 18786 18843 18847 18849 18850 18853 18942 19002 19018 19032 19037 19054 19291 
	}
	weather={
	}
}
