
strategic_region={
	id=148
	name="STRATEGICREGION_148"
	provinces={
		2 342 623 1096 1116 1329 1585 1710 1762 2145 2305 2884 3578 3698 3784 3982 4068 4546 4685 4716 4810 4924 4972 5027 5060 5083 5209 5371 5468 5553 5720 6194 6363 6468 6695 6887 6944 7019 7161 7480 7509 7555 7621 7651 7850 7874 8246 8336 8515 8530 8604 9417 9658 10279 10300 10304 10310 10317 10333 10341 10346 10347 10360 10365 10367 10372 10373 10389 10391 10392 10412 10417 10424 10438 10469 10471 10476 10481 10497 10508 10520 10529 10545 10550 10551 10569 10584 10586 10596 10623 10642 10681 10704 16492 16495 16673 17015 17328 17361 17698 17787 17838 18865 18890 
	}
	weather={
	}
}
