
strategic_region={
	id=149
	name="STRATEGICREGION_149"
	provinces={
		445 652 943 985 1312 1474 1686 2453 2567 2659 3224 3646 3677 3978 4637 5268 5440 6249 6451 6527 7098 7530 7563 7751 7827 8043 8656 8697 9087 9259 9370 10786 10799 10838 10867 10868 10889 10943 10960 10975 10976 11016 11017 11029 11070 11080 11096 11156 11172 11197 15933 16336 16395 16459 16470 16600 16629 16656 16720 16758 16779 16822 16834 17417 17651 17674 17785 17825 18045 18066 18116 18474 19033 19040 
	}
	weather={
	}
}
