
strategic_region={
	id=150
	name="STRATEGICREGION_150"
	provinces={
		103 379 686 1201 1301 1356 1574 1666 2017 2625 3065 3157 3184 3357 3624 3902 3965 4339 4387 4399 4542 5173 5246 5257 5330 5706 5775 6008 6058 6298 7565 8904 9268 9305 9369 9445 10049 10069 10075 10076 10087 10089 10098 10100 10107 10117 10118 10128 10129 10139 10161 10174 10181 10195 10204 10212 10225 10228 10238 10243 10271 10274 15928 16038 16146 16278 16326 16372 16451 16621 16886 17004 17085 17192 17219 17238 17332 17499 17634 17753 17805 18098 18132 18304 18336 18480 18598 18668 18716 18951 19004 
	}
	weather={
	}
}
