
strategic_region={
	id=151
	name="STRATEGICREGION_151"
	provinces={
		52 132 165 421 571 626 1009 1115 1295 1353 1530 1558 1735 1753 1836 1863 1938 1940 2002 2003 2053 2108 2122 2209 2322 2348 2508 2630 3257 3521 3579 3693 3855 3985 4056 4106 4227 4373 4531 4612 4764 4893 5093 5146 5229 5337 5353 5365 5808 5869 6156 6280 6427 6748 6767 6918 7236 7303 7392 7714 7801 7983 8129 8688 8702 8764 8860 8930 9105 9118 9249 9309 9379 10231 10239 10252 10253 10267 10297 10298 10328 10336 10337 10343 10358 10393 10402 10403 10432 10449 10458 10482 10488 10493 10495 10496 10522 10532 10557 10558 10577 10604 10611 10619 10657 10674 10700 10705 10708 10726 10751 10767 10800 10869 16168 16861 16895 16987 17151 17244 17774 18140 18395 18414 18999 
	}
	weather={
	}
}
