
strategic_region={
	id=152
	name="STRATEGICREGION_152"
	provinces={
		295 321 377 532 787 1258 1310 1372 1557 1670 1699 1768 1800 1870 1952 1964 2132 2657 2768 2822 2885 2957 3027 3482 3487 4324 4331 4469 4625 4829 5175 5261 5573 5623 5636 5856 6009 6044 6138 6148 6242 6308 6314 6334 6338 6365 6378 6414 6827 6869 6928 6930 6937 6970 7159 7200 7295 7405 7522 7572 7593 7633 7782 7824 7865 7946 8035 8037 8099 8173 8225 8312 8444 8458 8545 8549 8619 8644 8658 8966 8967 9092 9395 9584 9640 11608 11651 11673 11680 11681 11690 11696 11723 11739 11778 11779 11805 11806 11840 11870 11883 11884 11928 11939 11942 11950 11960 11979 11990 11999 12000 12001 12002 12050 12051 12066 12067 12068 12076 12097 12105 12121 12126 12127 12135 12136 12137 12138 12148 12149 12190 12204 12213 12231 12232 12241 12272 12273 12283 12317 12318 12331 12386 12419 12468 12469 12490 12578 12653 12697 16238 16965 17388 17621 18111 18372 
	}
	weather={
	}
}
