
strategic_region={
	id=154
	name="STRATEGICREGION_154"
	provinces={
		831 866 1388 1739 1888 2138 2495 2681 2776 2780 3699 3767 4004 4087 4152 4228 4376 4794 5018 5158 5389 5715 5759 5895 5946 5990 6244 6402 6571 6659 6719 6822 7014 7015 7615 7970 8324 8517 9412 9616 9637 11127 11135 11173 11185 11218 11219 11220 11227 11241 11250 11261 11288 11289 11305 11309 11325 11326 11356 11395 11401 11414 11431 11444 11468 11487 11502 11515 11516 11528 11562 11568 11585 11601 11667 11668 11707 11724 18981 19316 
	}
	weather={
	}
}
