
strategic_region={
	id=16
	name="STRATEGICREGION_16"
	provinces={
		25 89 139 451 547 830 891 997 1613 1653 1697 1706 2174 2187 2193 2207 2290 2345 2381 2414 2422 2487 2577 2583 2613 2644 2711 2772 2838 3432 3468 3621 3648 3691 3766 3836 3869 3921 3955 4029 4189 4208 4512 4688 4692 4888 4920 5001 5044 5109 5132 5142 5199 5299 5331 5358 5380 5402 5470 5487 5629 5687 5701 5739 5779 6257 6261 6327 6412 6441 6673 6702 6709 6864 6879 7007 7021 7129 7422 7529 7575 7837 7885 7915 7981 8091 8124 8156 8223 8239 8351 8710 8865 8898 8899 8937 8958 9013 9040 9086 9109 9112 9279 9348 9372 9388 9432 9471 9474 9587 9629 9635 9663 13898 13944 13952 13962 13986 14010 14026 14058 14063 14079 14083 14088 14112 14136 14144 14150 14157 14160 14163 14164 14184 14193 14200 14204 14208 14212 14223 14224 14230 14235 14242 14245 14248 14251 14252 14255 14256 14270 14271 14278 14279 14292 14293 14294 14299 14305 14306 14307 14308 14319 14321 14326 14343 14349 14359 14360 14374 14388 14396 14407 14408 14413 14418 14424 14436 14440 14441 14442 14449 14450 14456 14460 14461 14466 14474 14482 14486 14488 14491 14493 14497 14508 14517 14520 14529 14533 14539 14540 14549 14571 14595 15050 15898 15945 15952 16144 16159 17039 17212 17339 18364 18459 18619 18712 18773 18916 19098 19114 19116 19176 19183 19186 19187 19326 19860 20005 20006 20012 20013 20015 20016 20017 20018 20021 20022 20023 20036 20048 20049 20051 20052 20053 20055 20072 20073 20130 20192 20480 20481 20482 20483 20484 20485 20528 20529 21657 21658 
	}
	weather={
	}
}
