
strategic_region={
	id=17
	name="STRATEGICREGION_17"
	provinces={
		1238 1646 1784 1980 2460 3295 3329 3593 3628 3976 4116 4508 4513 4668 4738 4796 4800 5184 5449 5727 5885 5903 6041 6160 6635 6870 7105 7237 7761 7833 7922 7977 8045 8097 8401 8603 8778 8780 8900 9095 9245 9328 9421 13624 14808 14836 14877 14906 14922 14930 14945 14961 14985 15006 15008 15009 15012 15014 15025 15026 15041 15046 15049 15078 15079 15081 15087 15093 15104 15105 15109 15118 15127 15130 15150 15158 15217 15248 15257 15274 15338 15368 15382 20007 20008 20024 20029 20030 20031 20040 20041 20042 20043 20045 20050 
	}
	weather={
	}
}
