
strategic_region={
	id=2
	name="STRATEGICREGION_2"
	provinces={
		253 745 845 1218 1745 1799 1803 2246 2279 2424 2481 2650 2860 2937 2970 3162 3213 3536 3663 3764 3805 3989 4063 4101 4192 4360 4599 4686 4732 4735 4850 4993 5274 5435 5959 6340 6390 6466 6494 6512 6910 7268 7283 7414 7428 7470 7622 7691 8159 8272 8441 8504 8788 9064 9082 9237 9295 9638 10190 10222 10259 10264 10283 10284 10286 10301 10314 10315 10326 10338 10342 10356 10369 10380 10384 10414 10420 10430 10443 10461 10470 10519 10552 10553 10565 10566 10576 10579 10593 10607 10635 10645 10667 10685 10701 10738 10742 10774 19393 19394 19395 19398 19399 19400 19401 19452 19453 19454 19455 19456 
	}
	weather={
	}
}
