
strategic_region={
	id=21
	name="STRATEGICREGION_21"
	provinces={
		109 143 879 926 1014 1047 1384 1652 1729 1773 2281 2343 2771 3029 3116 3193 3203 3497 3592 3605 3772 3849 3990 4148 4526 4579 4590 4670 4695 5066 5091 5262 5306 5734 5815 5867 5909 6110 6337 6411 6519 6712 7116 7193 7587 7661 7759 8364 8448 8476 8547 8677 8775 8859 9129 9326 9434 9477 9564 12942 12972 12973 12986 13004 13016 13017 13028 13032 13050 13055 13070 13071 13082 13091 13101 13131 13146 13161 13178 13187 13192 13193 13201 13214 13218 13224 13239 13247 13248 13254 13255 13270 13281 13287 13288 13301 13325 13326 13333 13343 13347 13354 13359 13366 13370 13375 13386 13388 13397 13403 13432 13433 13456 13466 13487 13488 13503 13515 13529 13548 13564 13579 13580 13608 16767 20069 20070 20074 20075 20076 20077 20078 20079 20080 20081 20082 20084 20085 20094 
	}
	weather={
	}
}
