
strategic_region={
	id=215
	name="STRATEGICREGION_215"
	provinces={
		267 335 385 898 1123 1173 1786 2049 2074 2266 2664 2683 3049 3953 4239 4253 4342 4880 5328 5399 5602 5726 5782 5983 6356 6935 6958 7528 7569 7838 8513 8662 8866 9664 10914 10955 10991 10995 11007 11036 11052 11063 11071 11115 11145 11203 11228 11267 11268 11274 11290 11320 11321 11327 11348 11357 11369 11396 11415 11418 11423 11432 11453 11456 11495 11503 11563 11576 11594 11609 11635 11642 11742 11813 11893 11910 16205 17428 
	}
	weather={
	}
}
