
strategic_region={
	id=216
	name="STRATEGICREGION_216"
	provinces={
		247 266 488 687 723 731 734 841 904 1022 1051 1140 1362 1410 1438 1444 1492 1689 1692 1703 1825 1914 1947 1981 2033 2085 2197 2236 2310 2317 2323 2400 2540 2671 2687 2735 2774 2904 2990 3040 3050 3103 3145 3310 3330 3356 3400 3444 3446 3452 3464 3493 3599 3639 3649 3736 3777 3790 3858 3891 3907 3962 4173 4269 4476 4521 4524 4536 4573 4576 4585 4613 4615 4678 4752 4783 4792 4820 4823 4858 4910 4976 4998 5005 5013 5145 5241 5321 5339 5383 5410 5423 5426 5473 5533 5625 5698 5709 5729 5891 5912 5973 5992 6003 6019 6020 6047 6116 6216 6277 6346 6392 6398 6465 6531 6576 6661 6665 6677 6686 6756 6791 6823 6855 6927 6983 7022 7034 7038 7060 7146 7256 7292 7348 7380 7383 7388 7458 7465 7512 7577 7612 7627 7703 7741 7755 7947 7956 7987 8024 8059 8075 8120 8157 8224 8265 8320 8377 8416 8496 8631 8632 8648 8651 8661 8691 8720 8762 8819 9042 9075 9097 9108 9179 9197 9226 9232 9318 9377 9382 9443 9639 10585 10598 10599 10644 10666 10670 10709 10740 10741 10755 10773 10778 10789 10790 10791 10804 10805 10818 10819 10827 10836 10844 10850 10861 10862 10873 10875 10883 10899 10905 10906 10931 10961 10962 10970 10972 10977 10984 11001 11026 11030 11037 11038 11053 11064 11072 11086 11087 11107 11128 11137 11164 11170 11181 11182 11186 11187 11204 11221 11229 11245 11262 11284 11291 11296 11302 11310 11318 11358 11370 11380 11402 11419 11433 11434 11457 11458 11459 11469 11496 11524 11529 11554 11569 11618 11619 11631 11636 11643 11652 11659 11669 11682 11708 11725 11726 11727 11734 11753 11760 11780 11793 11814 11851 11885 11894 11911 11929 11933 11968 11980 11991 11992 12003 12012 12069 12070 12082 12098 12110 12129 12150 12170 12171 12275 12304 12343 12373 12398 12444 15915 16346 16562 17711 18352 
	}
	weather={
	}
}
