
strategic_region={
	id=218
	name="STRATEGICREGION_218"
	provinces={
		56 63 123 277 286 291 336 356 371 412 417 428 455 457 651 722 758 901 917 966 1001 1017 1121 1131 1148 1169 1175 1239 1290 1566 1634 1673 1770 1789 1828 1846 2005 2144 2299 2300 2398 2404 2464 2686 2718 2744 2746 2748 2787 2823 2840 2844 2854 3053 3115 3337 3424 3450 3491 3494 3553 3616 3636 3717 3732 3828 3931 3944 4126 4302 4446 4448 4467 4475 4549 4631 4632 4672 4757 4848 4851 4864 4883 4898 5087 5124 5296 5338 5432 5542 5745 5752 5788 5789 5817 5993 6424 6513 6532 6537 6653 6753 6874 6967 7079 7124 7198 7349 7424 7486 7599 7816 7817 7840 8007 8074 8241 8255 8454 8621 8665 8704 8758 8846 8885 8892 9104 9137 9144 9449 9501 9534 9656 9881 9899 9906 9914 9915 9925 9929 9935 9937 9953 9968 9969 9975 9983 10013 10014 10022 10034 10044 10073 10099 10106 10112 10130 10145 10152 10175 10183 10189 10196 10197 10199 10205 10207 10217 10219 10223 10229 10244 10246 10277 10278 10303 10321 10340 10355 10366 10394 10401 10407 10409 10437 10450 10478 10489 10494 10499 10510 10534 10543 10570 10578 10669 10696 10782 16044 16120 16287 16318 16473 16586 16835 16961 17180 17541 18023 18053 18141 18968 
	}
	weather={
	}
}
