
strategic_region={
	id=22
	name="STRATEGICREGION_22"
	provinces={
		86 218 221 404 594 705 1000 1085 1435 1624 1626 1945 2502 2570 2699 2831 2880 2899 2922 2959 2986 3014 3051 3222 3389 3540 3571 3587 3622 3833 4006 4018 4059 4102 4184 4288 4425 4463 4699 4719 4914 5004 5056 5233 5416 5434 5764 5842 5999 6015 6031 6063 6085 6105 6125 6416 6710 6800 6990 7243 7358 7554 7663 7664 7748 7908 8259 8553 8913 9055 9101 9127 14425 14459 14469 14487 14490 14495 14501 14502 14503 14509 14513 14524 14534 14541 14543 14555 14561 14564 14567 14580 14599 14601 14618 14627 14632 14641 14648 14651 14663 14671 14675 14682 14685 14696 14702 14705 14706 14712 14717 14718 14730 14731 14745 14750 14769 14770 14773 14774 14797 14805 14817 14818 14821 14828 14839 14848 14851 14856 14857 14878 14879 14891 14912 14917 14935 14949 14972 14979 14984 15967 16139 16170 16173 16177 16184 16237 16392 16421 16561 16566 16606 16759 16828 16929 16988 16990 16991 17051 17206 17237 17251 17267 17268 17514 17543 17669 17702 17762 17900 17925 17997 18089 18160 18306 18313 18320 18321 18347 18356 18692 19158 19227 19332 20121 20122 20168 20169 20174 20180 20181 20186 20196 20198 20199 20200 20201 20202 20203 20204 20205 20206 20207 20208 20209 20210 20211 20212 20213 20214 20221 20222 20223 20225 20226 20228 20229 20234 20236 20237 20238 20239 20240 20246 20247 20248 21639 21655 21656 
	}
	weather={
	}
}
