
strategic_region={
	id=221
	name="STRATEGICREGION_221"
	provinces={
		251 296 406 595 621 694 699 859 862 875 1057 1066 1074 1077 1160 1205 1263 1380 1394 1443 1493 1494 1496 1513 1591 1627 1649 1859 1889 1896 2100 2126 2200 2260 2286 2292 2306 2374 2410 2559 2599 2605 2636 2739 2866 2875 2893 2921 2951 2953 2978 3056 3081 3107 3250 3527 3686 3716 3730 3753 3770 3774 3786 3794 3885 3942 3986 4038 4053 4062 4092 4108 4133 4171 4348 4366 4397 4436 4455 4457 4498 4561 4636 4714 4782 4798 4845 4913 4936 4945 5078 5126 5247 5269 5295 5509 5536 5538 5682 5697 5855 5927 5996 6050 6056 6147 6185 6217 6237 6253 6283 6350 6389 6421 6426 6480 6581 6736 6853 6896 6974 7013 7033 7062 7110 7357 7427 7487 7520 7632 7669 7696 7699 7862 7882 7992 7997 8056 8083 8094 8145 8166 8236 8262 8435 8479 8527 8563 8685 8734 8825 8914 8973 9008 9026 9114 9115 9174 9198 9297 9527 9653 12128 12197 12214 12218 12242 12274 12290 12291 12303 12358 12368 12410 12443 12470 12487 12492 12514 12547 12548 12570 12571 12579 12580 12596 12627 12628 12635 12645 12663 12693 12741 12768 12769 12776 12805 12813 12855 12861 12869 12887 12922 12928 12951 13009 13010 13011 13045 13065 13079 13116 13117 13118 13127 13165 13228 13243 13265 13274 13319 13334 13339 13369 13373 13399 13414 13500 13506 13532 13554 13555 13591 13594 13634 13743 13754 13767 13768 13800 13833 13841 13856 13872 13881 13911 13933 15921 16485 16698 17511 17627 17843 17907 17931 17966 18200 18272 18639 18644 18781 19019 19102 19103 19105 19106 19107 19108 19109 19318 19320 
	}
	weather={
	}
}
