
strategic_region={
	id=222
	name="STRATEGICREGION_222"
	provinces={
		308 489 550 889 1282 1302 1486 1521 1648 1920 2215 2238 2269 2278 2359 2492 2842 3117 3374 3418 3664 4385 4493 4639 4790 4824 4938 5159 5355 5518 5554 5741 6081 6379 6683 6956 7173 7269 7524 7713 7886 7919 7980 8407 8992 8997 9019 9030 9325 15244 15303 15307 15313 15319 15330 15342 15343 15349 15360 15365 15366 15383 15386 15388 15398 15400 15401 15427 15433 15445 15447 15466 15490 15494 15495 15502 15507 15516 15518 15524 15546 15552 16368 16516 17066 17144 17697 18149 18155 18301 18307 18571 18603 18717 18729 18740 18775 18789 18895 18944 19189 19191 19198 19199 
	}
	weather={
	}
}
