
strategic_region={
	id=223
	name="STRATEGICREGION_223"
	provinces={
		424 887 1122 1427 1546 1603 1727 1815 1819 2325 2491 2496 2950 2994 3134 3209 3221 3370 3865 3927 4669 4726 4843 5372 5376 5866 7177 7363 8227 8346 8386 8511 9094 15642 15661 15667 15734 15744 15747 15753 15758 15770 15771 15773 15776 15782 15787 15812 15818 15833 15916 15929 16521 16604 16850 17077 17233 17242 17423 17532 17694 17708 18112 18262 18268 18309 18699 18715 18742 18776 18807 18840 18882 18918 18952 18956 19023 19029 19041 19123 19128 19137 
	}
	weather={
	}
}
