
strategic_region={
	id=224
	name="STRATEGICREGION_224"
	provinces={
		118 189 293 326 350 585 586 606 625 644 733 902 949 956 987 1044 1055 1059 1075 1090 1108 1179 1183 1204 1265 1294 1344 1381 1533 1535 1642 1681 1855 1943 1968 1978 2159 2163 2288 2802 3000 3057 3064 3236 3335 3384 3704 3733 3740 3785 3796 3992 4333 4486 4541 4562 4988 5115 5407 5704 5961 6079 6095 6150 6272 6501 6788 7101 7497 7942 8130 8158 8205 8751 8814 9428 9429 9611 15531 15660 15662 15689 15705 15706 15710 15724 15725 15726 15727 15730 15735 15738 15742 15750 15767 15784 15785 15796 15807 15814 15817 15830 15846 15858 16214 16225 16324 16405 16703 16716 16875 16904 17218 17330 17409 17448 17469 17517 17747 18173 18293 18298 18538 18921 18928 18931 19028 
	}
	weather={
	}
}
