
strategic_region={
	id=225
	name="STRATEGICREGION_225"
	provinces={
		106 124 416 572 1042 1326 1387 1409 1512 1792 1879 2058 2061 2156 2249 2484 2490 2555 2818 2984 3038 3189 3395 3509 4277 4370 4458 4634 4743 4999 5016 5190 5562 6168 6218 6399 6514 6553 7127 7600 7809 8653 8774 15551 15591 15596 15602 15610 15626 15654 15657 15658 15664 15672 15677 15688 15704 15836 15920 16224 16409 16582 16696 16736 16997 17050 17155 17300 17456 17558 17641 18241 18636 18702 18788 18813 18875 18893 18896 18934 18961 18963 
	}
	weather={
	}
}
