
strategic_region={
	id=228
	name="STRATEGICREGION_228"
	provinces={
		17104 16797 6 53 101 154 166 184 235 289 427 600 790 846 873 880 1019 1041 1088 1130 1167 1209 1271 1275 1283 1439 1442 1462 1593 1635 1665 1718 1758 1806 1840 1897 2089 2121 2133 2311 2328 2483 2621 2678 2705 2728 2782 2849 2853 3338 3369 3469 3557 3573 3604 3631 3665 3734 3801 3853 3893 3913 4001 4021 4033 4077 4151 4153 4176 4328 4443 4447 4582 4662 4793 4822 4867 4909 4915 4926 4931 4979 5030 5036 5037 5048 5368 5391 5392 5413 5511 5574 5796 5853 5918 6036 6070 6092 6122 6186 6254 6371 6436 6631 6698 6705 6725 6848 6893 6934 7067 7083 7202 7224 7248 7252 7271 7313 7319 7381 7384 7430 7462 7500 7628 7665 7684 7726 7732 7744 7765 7822 7936 8065 8089 8249 8294 8469 8634 8695 8728 8759 8840 9015 9062 9084 9171 9264 9300 9405 9466 9547 9643 9659 12351 12359 12387 12403 12445 12460 12488 12515 12537 12605 12616 12636 12669 12680 12698 12709 12720 12777 12796 12820 12834 12851 12888 12891 12907 12914 12917 12936 12962 12975 13001 13012 13022 13026 13030 13039 13066 13104 13105 13119 13128 13149 13150 13176 13190 13197 13198 13210 13221 13266 13292 13320 13335 13345 13356 13379 13415 13437 13480 13501 13517 13576 13577 13595 13602 13603 13604 13653 13689 13690 13721 13729 13778 13781 13801 13817 13821 13850 13902 13934 13937 13960 14031 14032 14107 14120 14134 14176 14211 14244 14267 18631 18649 19111 19115 
	}
	weather={
	}
}
