
strategic_region={
	id=23
	name="STRATEGICREGION_23"
	provinces={
		1089 1252 1260 1477 1511 1650 1966 2135 2136 2169 2360 2438 2506 2507 2626 3662 3816 4125 4299 4355 4371 4519 4534 4566 4635 5038 5085 5162 5350 5612 5998 6091 6321 6375 6382 6484 6592 6599 7037 7113 7206 7456 7706 7955 8093 8270 8299 8339 8533 8544 8635 8942 8952 8994 9018 9051 9457 9624 13976 13995 14007 14015 14033 14036 14043 14071 14072 14073 14089 14090 14091 14096 14115 14116 14117 14123 14124 14131 14138 14145 14147 14153 14158 14165 14166 14194 14195 14201 14236 14253 14257 14258 14259 14262 14265 14272 14284 14285 14289 14295 14309 14312 14315 14316 14322 14323 14327 14328 14344 14354 14367 14378 14391 14401 14414 14420 14426 14468 15985 16145 16239 16402 16434 16782 17019 17035 17510 17540 17666 17789 17913 17935 18006 18030 18118 18169 18483 18920 19059 20120 20126 20127 20129 20146 20148 20149 20150 20151 20152 20153 20154 20155 20156 20157 20158 20159 20160 20182 20183 20184 20191 20193 20227 20243 20244 20245 
	}
	weather={
	}
}
