
strategic_region={
	id=231
	name="STRATEGICREGION_231"
	provinces={
		15912 15914 15926 16002 16017 16051 16116 16175 16191 16202 16329 16334 16401 16406 16420 16484 16613 16647 16729 16783 16811 16879 16911 16974 17023 17030 17074 17098 17102 17124 17327 17396 17515 17533 17576 17584 17586 17628 17638 17668 17749 17753 17766 17777 17816 17824 17839 17892 17932 18010 18020 18048 18130 18249 18251 18252 18257 18263 18270 18275 18277 18284 18285 18291 
	}
	naval_terrain=water_fjords
	weather={
	}
}
