
strategic_region={
	id=232
	name="STRATEGICREGION_232"
	provinces={
		15902 15912 15914 15929 15932 15933 15942 15960 15964 15989 16000 16001 16008 16036 16040 16047 16063 16066 16090 16092 16104 16121 16132 16137 16175 16185 16201 16202 16225 16232 16250 16254 16281 16283 16290 16297 16319 16335 16336 16384 16431 16459 16461 16465 16470 16480 16482 16516 16525 16532 16548 16563 16564 16581 16596 16604 16608 16624 16625 16629 16633 16638 16643 16656 16659 16661 16685 16690 16691 16695 16720 16721 16728 16735 16758 16771 16779 16822 16834 16862 16872 16875 16903 16907 16938 16956 16968 16969 16989 16998 17006 17011 17017 17024 17025 17029 17057 17066 17077 17083 17099 17122 17141 17144 17145 17162 17174 17178 17218 17220 17232 17242 17277 17308 17333 17338 17409 17423 17459 17471 17474 17488 17497 17532 17538 17547 17576 17585 17609 17632 17651 17697 17713 17732 17747 17757 17776 17785 17798 17800 17810 17825 17828 17950 17965 17973 17978 17982 17992 18012 18039 18048 18066 18076 18085 18086 18088 18103 18112 18116 18145 18151 18155 18166 18184 18185 18190 18201 18209 18212 18215 18219 18222 18225 18232 18233 18235 18236 18240 18241 18248 18251 18259 18262 18267 20925 20926 20927 
	}
	weather={
	}
}
