
strategic_region={
	id=24
	name="STRATEGICREGION_24"
	provinces={
		387 624 826 1143 1186 1260 1304 1328 1411 1580 1932 2177 2191 2213 2295 2354 2419 2507 2924 3435 3500 3727 3757 4123 4125 4305 4383 4393 4441 5085 5290 5326 5345 5428 6209 6477 6755 6833 7113 7255 7488 7536 7832 7892 8012 8014 8151 8512 8660 8817 8952 9133 9526 14377 14378 14401 14432 14443 14467 14468 14475 14489 14494 14500 14514 14523 14531 14560 14569 14584 14585 14586 14592 14607 14626 14631 14647 14662 14668 14695 14754 14760 14778 14800 15860 16109 16113 16145 16219 16402 16727 16930 17285 17287 17302 17321 17336 17479 17630 17974 18026 18178 18299 18315 18482 18876 19228 19229 20119 20123 20132 20133 20134 20135 20136 20137 20138 20139 20140 20141 20142 20144 20147 20160 20161 20162 20163 20164 20165 20166 20167 20170 20171 20172 20173 20175 20176 20177 20178 20179 20185 20187 20188 20189 20190 20191 20195 
	}
	weather={
	}
}
