
strategic_region={
	id=243
	name="STRATEGICREGION_243"
	provinces={
		15909 15915 15924 15927 15938 15949 15961 15965 15974 15980 15999 16030 16031 16044 16071 16096 16100 16120 16126 16178 16190 16197 16205 16207 16223 16230 16238 16264 16272 16276 16286 16287 16291 16295 16318 16332 16346 16348 16400 16412 16417 16435 16441 16448 16463 16472 16473 16491 16499 16533 16535 16562 16586 16651 16665 16666 16669 16670 16723 16725 16764 16769 16784 16825 16835 16837 16961 16963 17026 17090 17095 17106 17133 17180 17216 17224 17243 17291 17297 17310 17324 17337 17363 17369 17388 17428 17439 17451 17477 17541 17552 17573 17583 17592 17608 17611 17621 17692 17703 17711 17714 17737 17740 17792 17832 17856 17882 18009 18023 18032 18053 18097 18113 18120 18141 18152 18176 18314 18316 18342 18345 18348 18350 18351 18352 18353 18357 18359 18360 18366 18368 18369 18372 18373 18377 
	}
	naval_terrain=water_deep_ocean
	weather={
	}
}
