
strategic_region={
	id=244
	name="STRATEGICREGION_244"
	provinces={
		15909 15976 15985 15987 16006 16030 16038 16049 16077 16088 16096 16100 16139 16144 16173 16177 16184 16198 16207 16223 16253 16270 16272 16295 16298 16328 16392 16413 16421 16432 16442 16456 16466 16499 16533 16542 16544 16573 16579 16606 16619 16651 16664 16677 16705 16725 16740 16759 16764 16769 16805 16808 16821 16828 16847 16864 16902 16929 16960 16970 16988 16990 16991 17003 17035 17071 17081 17112 17117 17175 17206 17216 17229 17237 17243 17251 17268 17287 17301 17314 17337 17363 17377 17439 17451 17477 17516 17543 17550 17571 17573 17608 17617 17620 17640 17649 17655 17681 17737 17762 17779 17799 17807 17851 17870 17882 17888 17897 17902 17925 18030 18063 18071 18093 18143 18160 18170 18323 18328 18332 18337 18344 18347 18350 18356 18357 18360 18364 18366 18368 18375 
	}
	weather={
	}
}
