
strategic_region={
	id=245
	name="STRATEGICREGION_245"
	provinces={
		15937 15943 15994 16052 16055 16057 16089 16094 16160 16179 16189 16194 16303 16314 16356 16444 16492 16541 16634 16673 16713 16737 16767 16815 16840 16849 16865 16893 16918 17012 17028 17034 17037 17043 17065 17079 17092 17103 17110 17117 17149 17186 17195 17243 17273 17280 17283 17294 17306 17340 17361 17379 17429 17465 17493 17554 17599 17791 17821 17835 17841 17846 17879 17881 17948 17958 17999 18017 18043 18062 18079 18081 18143 18180 18384 18387 18398 18415 18425 18428 18439 18454 18460 18467 18474 18476 18477 
	}
	naval_terrain=water_deep_ocean
	weather={
	}
}
