
strategic_region={
	id=25
	name="STRATEGICREGION_25"
	provinces={
		337 728 1460 1556 1767 1874 2001 2620 2662 2672 3217 3593 3763 3976 4323 4558 4846 5096 5666 5677 5727 5932 6258 6577 6635 6729 6754 6814 6926 6950 7068 7105 7237 7667 7676 7740 7800 8177 8226 8316 8325 8401 8498 8514 8603 8888 9023 9322 9397 9423 9617 9630 14137 14419 14578 14579 14583 14605 14606 14616 14625 14629 14637 14664 14674 14681 14687 14690 14709 14723 14733 14734 14764 14765 14771 14772 14785 14789 14790 14794 14796 14808 14810 14836 14850 14869 14876 14877 14893 14895 14906 14910 14916 14928 14929 14958 14974 17577 18573 18704 19034 19195 19880 19881 19882 19883 20009 20010 20011 20014 20025 20026 20027 20028 20029 20030 20037 20038 20039 20044 20046 20047 20054 20534 
	}
	weather={
	}
}
