
strategic_region={
	id=251
	name="STRATEGICREGION_251"
	provinces={
		15945 15952 16003 16061 16159 16193 16228 16248 16265 16317 16366 16411 16502 16511 16550 16572 16574 16583 16612 16681 16709 16718 16722 16780 16884 16900 16921 17013 17036 17039 17091 17143 17153 17184 17212 17234 17292 17306 17389 17399 17416 17470 17546 17549 17602 17603 17619 17622 17723 17758 17850 17972 17994 18028 18046 18067 18091 18380 18402 18405 18421 18440 18459 18468 18475 
	}
	naval_terrain=water_deep_ocean
	weather={
	}
}
