
strategic_region={
	id=26
	name="STRATEGICREGION_26"
	provinces={
		569 683 1364 2341 2494 2707 2833 2976 3151 3230 3419 3565 3569 3612 3641 3803 3846 4072 4745 4863 5092 5506 6154 6240 6345 6640 7048 7065 7073 7194 7425 7574 7735 7786 7789 8004 8221 8318 8353 8360 8625 8725 8755 9091 9120 9282 9459 9548 9651 9674 10305 10318 10344 10345 10352 10377 10381 10415 10454 10462 10464 10479 10483 10484 10500 10511 10523 10527 10535 10540 10554 10561 10572 10587 10592 10601 10624 10625 10636 10640 10647 10650 10671 10683 10686 10714 10720 10729 10768 18616 18664 19097 19100 19489 19563 19606 19607 19608 19609 19610 19611 19612 19613 19614 19615 19616 19617 19618 19619 19620 19621 19622 19623 19624 19625 19642 19643 
	}
	weather={
	}
}
