
strategic_region={
	id=32
	name="STRATEGICREGION_32"
	provinces={
		297 353 648 696 1215 1365 1605 2054 2395 2910 3251 3882 4113 4313 4819 6155 6352 6535 7143 7407 7607 7787 7823 8554 8878 15713 15729 15731 15748 15755 15757 15786 15801 18525 18570 18628 19203 19211 19212 19341 19342 21208 21209 21210 21211 21212 21213 21214 21215 21216 21217 21218 21219 21220 21221 21222 21223 21224 21225 21226 21227 21228 21229 21230 21231 21232 21233 21234 21235 21236 21237 21238 21239 21240 21241 21242 21243 21244 21246 21247 21248 21250 21252 21255 21256 21258 21259 21261 21263 21264 21265 21266 21267 21268 21269 21270 21271 21272 21273 21274 21275 21276 21277 21278 21279 21280 21283 21286 21321 
	}
	weather={
	}
}
