
strategic_region={
	id=34
	name="STRATEGICREGION_34"
	provinces={
		91 433 509 597 803 1114 1404 1747 1856 1904 1930 2585 2587 3130 3133 3245 3316 4235 4354 5150 5696 5784 5958 6097 6132 6302 8137 8576 8741 8931 9028 9496 9507 9535 9588 15153 15187 15193 15209 15223 15233 15264 15305 15321 15324 15351 15353 15459 20249 20250 20251 20252 20253 20254 20255 20257 20258 20259 20260 20261 20262 20263 20264 20265 20266 20267 20268 20269 20270 20271 20272 20273 20274 20275 20276 20277 20278 20280 20282 20283 20284 20294 20308 20309 20313 20314 20315 20326 20327 20328 20329 20330 20335 20348 20356 20357 20358 20359 20361 
	}
	weather={
	}
}
