
strategic_region={
	id=36
	name="STRATEGICREGION_36"
	provinces={
		770 1105 1259 1905 2682 2781 3647 4408 4903 4941 5086 5396 5406 5412 5419 5555 5650 5691 5991 6311 6453 6559 6627 6796 6884 6957 7002 7190 7340 7401 7510 7610 8179 8240 8349 8376 8475 8499 8536 8803 8897 8906 8947 9016 9187 9312 9478 9577 9589 9610 11955 12019 12020 12193 12234 12285 12306 12336 12369 12383 12390 12400 12404 12413 12421 12422 12434 12438 12461 12523 12582 12621 12672 12686 12694 12700 12737 12746 12778 12798 12836 12853 12876 12902 12910 12915 12953 12977 12985 12993 13035 13047 13073 13106 20705 20713 20714 20715 20716 20729 20731 20732 20733 20734 20735 20736 20737 20738 20739 20740 20741 20742 20743 20744 
	}
	weather={
	}
}
