
strategic_region={
	id=37
	name="STRATEGICREGION_37"
	provinces={
		41 176 500 553 610 676 788 794 868 935 1024 1052 1093 1137 1162 1321 1342 1346 1373 1491 1500 1608 1617 1663 1678 1950 1956 1972 2082 2101 2307 2366 2397 2477 2554 2575 2594 2674 2792 2806 2850 2906 2944 2948 3067 3163 3256 3305 3323 3397 3511 3529 3610 3714 3721 3957 4179 4314 4401 4406 4618 4654 4665 4679 4715 4728 4921 5003 5082 5310 5457 5463 5471 5601 5676 5736 5748 5967 6026 6090 6096 6143 6279 6500 6548 6596 6605 6737 6779 6811 6849 6953 7050 7181 7296 7378 7439 7469 7556 7648 7836 7849 7854 7895 7953 7995 8162 8251 8256 8372 8404 8434 8525 8693 8721 8791 8838 8877 8985 9017 9126 9130 9332 9357 9485 9506 15477 15487 15499 15503 15517 15521 15522 15527 15530 15533 15535 15538 15542 15547 15553 15558 15559 15560 15561 15563 15565 15575 15578 15579 15586 15592 15599 15600 15601 15607 15608 15616 15622 15623 15624 15630 15633 15634 15635 15636 15639 15643 15651 15652 15663 15666 15669 15670 15671 15683 15686 15691 15699 20934 20935 20936 20937 20938 20939 20940 20941 20942 20943 20944 20945 20946 20947 20948 20949 20950 20951 20952 20953 20954 20955 20956 20957 20958 20962 20964 20965 20966 20967 20968 20969 20970 20971 20972 20973 20974 20975 20976 20977 20978 20979 20980 20981 20982 20983 20984 20985 20986 20987 20988 20989 20990 20991 20992 20993 20994 20995 20996 20997 20998 20999 21000 21001 21002 21003 21004 21005 21006 21007 21008 21009 21010 21038 21645 21646 21647 21648 21649 21650 21651 21652 21653 21654 
	}
	weather={
	}
}
