
strategic_region={
	id=4
	name="STRATEGICREGION_4"
	provinces={
		658 807 1045 1181 1705 1809 1942 3044 3322 4251 4840 5009 5099 5188 5357 5879 5900 5944 6029 6495 6601 6618 6625 6763 6838 6955 7103 7126 7155 7212 7314 7784 7990 8539 8641 8761 8855 8961 9217 9413 9448 11312 11351 11352 11364 11371 11382 11416 11417 11445 11446 11472 11488 11498 11499 11505 11539 11551 11556 11628 11644 11662 11699 11709 11729 11743 11770 11821 11833 11834 11842 11852 11866 11886 11913 11943 11951 11969 11994 12039 12077 12100 12107 12130 12151 12181 12256 19854 19870 19871 19872 19873 19874 19875 19876 19877 19878 19893 19894 19895 19896 19897 19900 19901 19902 19903 20695 
	}
	weather={
	}
}
