
strategic_region={
	id=40
	name="STRATEGICREGION_40"
	provinces={
		484 674 708 748 768 1035 1518 1668 1725 2057 2115 2530 2829 2932 3207 3349 3427 3481 3771 3919 4095 4382 4473 4806 4935 5072 5107 5622 5647 5663 5690 5868 6144 6227 6762 7416 7472 8229 8253 8337 8492 8562 9267 9291 9308 9566 9655 10892 10933 10941 10950 10957 10958 10971 10992 10997 11004 11027 11032 11040 11044 11058 11076 11077 11098 11112 11130 11150 11151 11180 11193 11194 11208 11209 11233 11242 11256 11257 11265 11266 11269 11278 11300 11313 11331 11339 11344 11354 11366 11374 11399 11425 11481 11545 18556 19024 19657 19658 19659 19660 20541 20542 20543 20544 20546 20547 20548 20549 20552 20555 20556 20557 20558 20559 20560 20561 20562 20563 20640 
	}
	weather={
	}
}
