
strategic_region={
	id=41
	name="STRATEGICREGION_41"
	provinces={
		13 64 249 527 669 914 948 1124 1166 1405 1682 1734 2012 2086 2154 2183 2294 2320 2389 2429 2696 2778 2845 2869 2960 3082 3167 3241 3266 3465 3508 3940 4070 4089 4289 4368 4422 4577 4627 4642 5033 5046 5192 5231 5569 5766 5889 6002 6010 6068 6367 6567 6573 6667 6830 6862 6885 6962 7209 7354 7514 7679 7829 7863 7894 7965 8117 8148 8189 8463 8756 8773 8831 8912 9005 9154 9160 9173 9236 9270 9292 12483 12505 12559 12648 12658 12677 12678 12679 12702 12706 12712 12722 12728 12733 12739 12743 12744 12747 12748 12749 12773 12780 12781 12782 12787 12788 12808 12819 12826 12847 12848 12854 12859 12865 12872 12873 12883 12896 12905 12911 12912 12920 12926 12931 12955 12959 12960 12961 12974 12981 12987 12996 13018 13029 13033 13037 13041 13056 13083 13092 13096 13097 13108 13138 13155 13179 13194 13202 13208 13219 13240 13271 13289 13298 13314 13355 13376 13404 13540 19909 19910 19916 19917 19918 19919 19937 19938 19939 
	}
	weather={
	}
}
