
strategic_region={
	id=43
	name="STRATEGICREGION_43"
	provinces={
		82 215 219 311 480 769 821 972 1036 1069 1134 1151 1178 1568 1782 1922 2037 2073 2407 2542 2909 2947 3010 3258 3285 3416 3428 3475 3562 3656 4024 4037 4188 4195 4200 4532 4537 4641 4702 4816 5039 5055 5239 5498 5503 5549 5558 5838 5860 5893 5922 6024 6074 6082 6255 6316 6387 6486 6536 6786 6989 7154 7221 7232 7325 7521 7549 7636 7649 7700 7795 7842 7860 7930 8153 8252 8303 8356 8489 8568 8646 8672 8717 8745 8864 8901 8940 8988 9070 9146 9152 9162 9262 10662 10676 10702 10707 10736 10756 10787 10792 10831 10832 10856 10864 10911 10912 10916 10934 10935 10982 11000 11014 11015 11045 11055 11059 11060 11068 11078 11092 11100 11103 11123 11124 11125 11139 11143 11169 11191 11195 11196 11200 11211 11238 11249 11258 11259 11279 11283 11332 11333 11345 11376 11384 11391 11400 11409 11422 11435 11439 11450 11467 11473 11483 11484 11490 11501 11506 11509 11514 11518 11526 11553 11582 11597 11605 11614 11634 11640 11655 11672 11688 11702 11712 11741 19925 19926 19927 19928 19931 19932 19941 19943 19945 19954 20000 20001 20002 20003 20462 20463 20464 20465 20466 20468 
	}
	weather={
	}
}
