
strategic_region={
	id=44
	name="STRATEGICREGION_44"
	provinces={
		234 246 372 661 773 775 877 895 1049 1316 1325 1369 1463 1628 1631 1756 1831 1845 2334 2388 2427 2486 3005 3114 3195 3409 3568 3781 3817 3860 4076 4107 4372 4421 4598 4856 4907 4943 5186 5243 5374 5444 5461 5515 5905 6039 6264 6396 6487 6560 6574 6759 6782 6797 7055 7109 7205 7305 7307 7467 7541 7695 7788 7851 7907 8001 8067 8086 8127 8385 8449 8502 8534 8571 8579 8629 8808 8834 8963 8999 9512 11482 11613 11671 11677 11721 11737 11747 11768 11774 11785 11795 11800 11801 11824 11825 11837 11846 11881 11900 11901 11906 11907 11926 11936 11958 11972 11987 11988 12024 12027 12056 12080 12093 12094 12095 12103 12108 12113 12120 12124 12125 12161 12168 12173 12178 12179 12221 12235 12279 12295 12314 12328 12341 12348 12406 12416 12417 12424 12430 12431 12440 12450 12463 12475 12497 12511 12512 12518 12525 12530 12536 12585 12586 12587 12588 12601 12631 12657 19725 19911 19912 19913 19914 19947 
	}
	weather={
	}
}
