
strategic_region={
	id=45
	name="STRATEGICREGION_45"
	provinces={
		113 698 706 779 1034 1262 1458 1501 1868 1876 1909 2284 2344 2370 2445 2580 2747 2856 2942 3595 3838 3847 3952 3966 3972 4238 4416 4431 4503 4569 4687 4944 5193 5255 5414 5508 5597 5634 5660 5768 5806 5813 5976 6007 6022 6142 6405 6435 6461 6507 6518 6522 6529 6570 6604 6638 6663 6679 6744 6784 6923 6961 7063 7136 7137 7291 7330 7339 7375 7419 7444 7481 7588 7602 7617 7638 7666 7689 7728 7775 7881 7887 7978 8078 8176 8366 8472 8490 8709 8719 8809 8810 8863 8868 8881 8907 8934 8946 8962 8981 9022 9058 9068 9190 9216 9219 9407 9538 9581 11178 11214 11215 11277 11292 11307 11311 11323 11330 11397 11454 11462 11470 11471 11504 11517 11543 11555 11564 11590 11611 11620 11627 11661 11674 11683 11698 11714 11735 11740 11755 11761 11781 11782 11794 11798 11808 11816 11828 11829 11832 11847 11864 11872 11875 11891 11897 11912 11918 11919 11934 11935 11954 11964 11965 12008 12013 12026 12031 12032 12038 12099 12106 12117 12139 12140 12156 12175 12176 12191 12192 12198 12199 12200 12219 12225 12233 12243 12248 12261 12264 12276 12277 12305 12310 12324 12332 12333 12344 12352 12353 12360 12374 12375 12382 12388 12420 12427 12446 12509 12561 12670 19409 19410 19412 19413 19414 19415 19418 19419 19420 19457 
	}
	weather={
	}
}
