
strategic_region={
	id=46
	name="STRATEGICREGION_46"
	provinces={
		57 105 271 554 990 1332 1842 2131 2710 2907 2980 2993 3074 3097 3234 3378 3406 3689 3769 3895 3969 4187 4391 4633 4697 4705 4742 4804 5068 5333 5352 5420 5616 5624 5672 6682 6722 6749 6783 6785 6921 7273 7532 7576 7742 7848 7901 8017 8104 8333 8423 8633 8637 8666 8723 9007 9077 9153 9161 9386 10630 10749 10775 10802 10812 10824 10829 10839 10851 10863 10877 10878 10901 10902 10919 10924 10932 10937 10979 10996 11002 11049 11054 11057 11073 11074 11088 11101 11108 11109 11110 11117 11146 11147 11157 11165 11176 11177 11189 11205 11206 11223 11230 11231 11236 11247 11252 11264 11276 11281 11303 11328 11329 11338 11350 11388 11403 11404 11437 11476 11478 11497 11531 11538 11550 11578 11587 11610 11653 11670 11697 19396 19397 19417 
	}
	weather={
	}
}
