
strategic_region={
	id=49
	name="STRATEGICREGION_49"
	provinces={
		21 93 490 531 542 612 679 692 888 893 942 967 982 1393 1606 1674 1720 1907 2161 2384 2452 2603 2709 2721 2807 3128 3265 3672 3844 3960 4178 4183 4236 4271 4805 4857 4963 4971 4985 5104 5480 5711 5800 5805 5880 5902 5966 6164 6166 6241 6247 6292 6294 6374 6407 6479 6768 6836 6909 7112 7449 7550 7783 7945 8135 8136 8217 8286 8399 8491 8575 8638 8692 8694 8705 8749 8794 8909 15463 15478 15479 15497 15500 15506 15509 15510 15528 15534 15543 15550 15554 15556 15564 15566 15569 15576 15583 15584 15590 15597 15598 15604 15606 15613 15614 15619 15628 15631 15637 15653 15655 15659 15675 15680 15687 15692 15694 15701 15702 15708 15714 15716 18608 18617 18642 18660 18688 18753 18898 19154 19338 19339 21245 21281 21282 21284 21285 21287 21288 21289 21290 21291 21292 21293 21294 21295 21296 21297 21298 21299 21300 21301 21302 21303 21304 21305 21306 21307 21308 21309 21310 21311 21312 21313 21314 21315 21318 21319 21320 21322 21323 21324 21325 21326 21327 21328 21329 21330 21331 21332 21333 21334 21335 21336 21337 21338 21339 21340 21341 21342 21343 21344 21345 21346 21347 21348 21349 
	}
	weather={
	}
}
