
strategic_region={
	id=5
	name="STRATEGICREGION_5"
	provinces={
		1744 1891 1953 1969 2026 2052 2150 2586 2715 2929 3006 3284 3958 3980 4482 4555 4708 5002 5139 5375 5818 5887 6128 6949 7144 7944 7962 7971 8746 8779 8880 8883 9080 9081 9341 9510 12157 12165 12205 12206 12244 12249 12255 12265 12266 12297 12311 12312 12335 12354 12361 12362 12389 12399 12412 12447 12448 12471 12481 12494 12503 12516 12522 12533 12542 12549 12557 12581 12620 12671 12699 12726 12736 12806 12844 12852 12857 12880 12895 12901 12909 16442 19890 19891 19892 19898 19904 
	}
	weather={
	}
}
