
strategic_region={
	id=51
	name="STRATEGICREGION_51"
	provinces={
		359 636 939 1270 1470 1660 1852 2034 2224 2597 3232 3278 3287 4085 4242 4278 4404 4405 4510 4739 4982 5291 5445 5941 6076 6159 6276 6287 6341 6458 6776 6912 7853 8195 8247 8581 8766 8785 9673 14924 14934 14946 14953 14990 15007 15035 15089 15115 15145 15166 15216 15243 15284 15297 15304 15331 15337 15345 15402 15425 19727 19728 19729 19731 19732 19733 19734 19735 19736 19737 19738 19739 19741 19742 19743 19744 20517 
	}
	weather={
	}
}
