
strategic_region={
	id=52
	name="STRATEGICREGION_52"
	provinces={
		153 169 619 1197 1228 1300 1309 1471 1685 1760 1912 2107 2152 2362 2431 2576 2623 2624 3102 3164 3341 3620 3806 3872 4098 4296 4570 4583 4640 4652 4990 4997 5119 5120 5129 5215 5336 5456 5594 5710 5714 5873 6158 6183 6192 6226 6336 6417 6432 6439 6478 6551 6626 6629 6647 6868 6954 7452 7519 7724 7774 7900 8002 8055 8077 8165 8222 8276 8425 8542 8610 8687 8706 8822 8839 8886 8910 9046 9117 9333 9472 9578 9600 9607 13385 13409 13444 13489 13490 13507 13508 13514 13520 13539 13559 13574 13614 13631 13632 13640 13644 13649 13650 13656 13671 13695 13696 13707 13714 13727 13732 13733 13745 13758 13775 13776 13777 13787 13790 13809 13823 13824 13829 13842 13847 13853 13870 13873 13886 13896 13913 13917 13926 13940 13941 13946 13958 13963 13973 13974 13980 13996 14002 14003 14011 14012 14018 14020 14027 14044 14050 14051 14055 14059 14074 14080 14084 14092 14097 14102 14108 14154 15862 16272 16718 16808 17112 17640 18280 18337 18597 19226 20083 20086 20087 20088 20089 20090 20091 20092 20093 20095 20399 20400 20401 20402 20405 20853 20854 20855 20856 20857 20858 20859 20860 20861 20862 20863 20864 20865 
	}
	weather={
	}
}
