
strategic_region={
	id=53
	name="STRATEGICREGION_53"
	provinces={
		20 44 62 96 102 146 159 160 194 226 237 250 283 303 320 344 410 414 471 495 507 530 544 659 668 702 751 785 858 863 925 1104 1154 1284 1311 1368 1401 1457 1473 1547 1553 1581 1708 1728 1795 1810 1959 1970 1988 1996 2326 2351 2467 2668 2688 2725 2847 2865 2870 2895 2898 2975 3015 3019 3022 3196 3252 3362 3433 3531 3638 3681 3738 3788 3881 3901 4166 4211 4283 4304 4344 4409 4499 4548 4730 4785 4992 5118 5250 5405 5546 5627 5774 6093 6252 6296 6309 6364 6460 6582 6649 6676 6720 6840 7023 7043 7096 7215 7315 7448 7560 7673 7902 7964 8062 8084 8334 8524 8790 8957 9000 9076 15403 15765 15821 15824 15828 15848 15852 15853 15857 15859 15861 15864 15867 15870 15871 15873 15874 15880 15881 15882 15885 15886 15887 15888 16128 17204 17545 17731 18055 18119 18540 18572 18576 18662 18672 18703 18728 18733 19151 19153 19156 19162 19164 19175 19178 19181 19184 19188 19193 19196 19200 19210 19213 19214 19215 19216 19217 19218 19221 19222 19230 19232 19233 19234 19235 19236 20932 20959 20960 20961 21049 
	}
	weather={
	}
}
