
strategic_region={
	id=54
	name="STRATEGICREGION_54"
	provinces={
		34 79 231 265 343 370 418 519 548 634 690 849 897 964 1070 1357 1449 1489 1667 1694 2014 2298 2514 2665 3110 3148 3471 3534 3613 4025 4080 4449 4609 4727 4737 5007 5181 5227 5236 5263 5280 5421 5560 5571 5642 5797 5858 5906 5979 6014 6197 6503 6622 7123 7185 7229 7253 7426 7551 8103 8161 8419 8519 8567 8670 8753 15646 15676 15678 15685 15696 15698 15700 15709 15711 15732 15743 15752 15754 15761 15769 15778 15806 15810 15823 18541 18544 18547 18550 18551 18554 18558 18560 18563 18567 18568 18589 18594 18596 18605 18612 18625 18632 18634 18640 18653 18654 18666 18670 18671 18681 18694 18714 18719 18724 18735 18736 18749 18761 18763 18777 18801 18802 18839 18844 18860 18868 18869 18873 18878 18887 18959 19110 19112 19117 19119 19120 19121 19124 19125 19126 19127 19130 19131 19132 19133 19134 19135 19136 19138 19139 19143 19144 19145 19146 19147 19148 19149 19150 19152 19155 19157 19159 19160 19161 19163 19165 19166 19201 19204 19205 19206 19207 19208 19237 19238 19242 19340 
	}
	weather={
	}
}
