
strategic_region={
	id=55
	name="STRATEGICREGION_55"
	provinces={
		7 98 117 211 397 474 511 640 946 1192 1657 2016 2081 2253 2267 2321 2361 2430 3079 3377 3651 4015 4155 4332 4470 4581 4684 4704 4832 4901 5067 5534 5675 5712 6043 6359 6546 6600 6851 6877 7954 8107 8149 8388 8832 9636 9665 15464 15468 15471 15472 15492 15501 15504 15523 15529 15537 15571 15580 15582 15593 15594 15595 15605 15632 15723 18533 18553 18565 18586 18593 18600 18604 18652 18658 18677 18683 18686 18706 18800 18804 18805 18806 18810 18812 18822 18823 18825 18826 18827 18831 18832 18834 18835 18836 18837 18841 18858 18862 18881 18886 19077 19122 19202 19231 19239 19240 19241 19249 19337 
	}
	weather={
	}
}
