
strategic_region={
	id=56
	name="STRATEGICREGION_56"
	provinces={
		454 456 556 760 989 1103 1548 1960 2558 2647 2763 2841 2891 3405 3490 3594 3626 3683 3758 3791 3864 3868 3877 4161 4209 4543 4859 5479 5649 5702 5769 5814 5986 6075 6205 6259 6268 6312 6445 6607 6837 7086 7114 7406 7527 7594 7702 8027 8034 8457 8473 8811 8991 9201 9260 9660 10245 10269 10270 10273 10295 10311 10323 10327 10329 10349 10353 10354 10357 10359 10363 10370 10375 10376 10379 10385 10388 10390 10398 10410 10411 10425 10426 10427 10429 10431 10433 10434 10444 10445 10455 10459 10467 10485 10490 10526 10538 10581 15919 16275 16284 16330 16342 16471 16483 16509 16515 16678 16697 16715 16853 16871 16874 16906 16933 16943 17025 17047 17073 17236 17258 17348 17441 17444 17450 17509 17537 17557 17635 17663 17876 17975 17987 18090 18122 18138 18154 18172 18189 18194 18195 18242 18274 18288 18711 19013 19308 19959 19960 19961 19962 19963 19965 19966 19967 19968 19969 19970 19971 19995 19997 19998 19999 
	}
	weather={
	}
}
