
strategic_region={
	id=60
	name="STRATEGICREGION_60"
	provinces={
		206 300 871 1385 2036 2319 3306 3311 3429 4418 4485 4720 5252 5754 6062 6842 6858 6880 7179 7289 7535 7616 8042 8085 8181 8676 8824 14939 14969 14973 14980 14987 14996 15000 15004 15010 15013 15016 15017 15020 15028 15029 15043 15047 15066 15119 15128 15164 15180 15194 15200 15201 15214 15215 15227 16281 16530 17061 17220 17600 17996 19168 19169 19172 20370 21417 21421 21429 21434 21435 21436 21437 21438 21439 21441 21442 21443 21444 21445 21447 21448 21450 21453 21454 21455 21456 21462 21463 21464 21465 21466 21467 21468 21552 21553 21555 21556 21558 
	}
	weather={
	}
}
