
strategic_region={
	id=61
	name="STRATEGICREGION_61"
	provinces={
		236 330 375 396 822 1187 1407 1712 1759 1933 2170 2451 2478 2531 3059 3619 3761 3911 4483 4884 5065 5174 5224 5801 6000 6032 6177 6891 7379 7603 8486 8532 8643 8784 9089 9311 9518 9592 9599 9644 14035 14082 14130 14135 14215 14247 14277 14283 14300 14339 14353 14381 14417 14473 14476 14505 14528 14576 14577 14582 14604 14611 14615 14640 14643 14645 14680 14684 14727 14737 19845 19861 19862 19863 20488 20530 20531 20532 20533 21659 
	}
	weather={
	}
}
