
strategic_region={
	id=63
	name="STRATEGICREGION_63"
	provinces={
		14526 175 186 207 217 468 839 860 918 1023 1396 1522 1738 1776 1788 1849 2537 2550 2573 2804 2890 2952 3020 3286 3328 3339 3582 3875 3878 4075 4394 4694 4767 4861 5025 5200 5318 5395 5417 5527 5540 5609 5658 5836 5980 6773 7091 7220 7247 7400 7412 7491 7585 7640 7658 7743 7763 7896 8003 8098 8248 8311 8442 8445 8506 8555 8573 8740 8796 8797 8843 8845 8919 9048 9083 9266 9271 9278 9367 9411 9468 9500 9524 9552 13982 13991 14037 14048 14066 14069 14086 14114 14171 14206 14210 14219 14238 14239 14249 14264 14282 14290 14297 14304 14311 14313 14320 14331 14332 14333 14341 14347 14348 14351 14355 14363 14370 14376 14385 14386 14399 14404 14405 14411 14421 14429 14446 14457 14463 14464 14479 14484 14498 14512 14515 14518 14542 14544 14557 14558 14565 14575 14590 14600 14613 14652 14653 14660 14713 15953 16026 16067 16126 16129 16207 16655 16666 16723 16725 16813 16845 16897 16978 17106 17164 17526 17588 17607 17729 17915 18127 18157 18614 19061 19065 19067 19328 19331 
	}
	weather={
	}
}
