
strategic_region={
	id=64
	name="STRATEGICREGION_64"
	provinces={
		28 81 240 276 282 524 581 632 716 816 1050 1185 1243 1335 1716 1774 2180 2240 2380 2465 2719 3214 3499 3600 3701 4002 4109 4248 4322 4395 4664 4781 4891 4894 4950 4980 5035 5155 5176 5363 5465 5559 5595 5914 6073 6176 6196 6201 6210 6671 6882 7000 7036 7138 7156 7163 7246 7250 7331 7341 7356 7367 7434 7503 7537 7578 7581 7725 7792 7826 7932 7991 8069 8140 8232 8302 8357 8430 8508 8727 9029 9110 9128 9221 9330 9366 9476 9497 10810 10830 10903 10927 10938 10944 10956 10963 10964 10967 10968 10969 10980 10986 11003 11008 11009 11012 11013 11031 11039 11043 11065 11066 11075 11082 11089 11090 11097 11102 11111 11120 11121 11129 11142 11148 11149 11158 11159 11160 11166 11179 11183 11192 11207 11224 11225 11232 11237 11253 11254 11255 11285 11293 11294 11295 11299 11319 11324 11342 11343 11353 11360 11372 11383 11389 11398 11405 11406 11420 11430 11438 11463 11479 11508 11532 11540 11552 11557 11565 11570 11645 11675 11684 11700 11718 11730 11744 11745 11756 11757 11762 11764 11783 11787 11817 11818 11819 11835 11843 11848 11876 11932 11940 18643 18767 19315 19644 19645 19646 19647 19879 19899 20641 20642 20643 20644 20645 20646 20647 20648 20649 20650 20651 20655 20656 20657 20658 20659 20660 20661 20662 20663 20666 20667 20673 20674 20677 20678 20679 20680 20681 20682 20683 20684 20685 20686 20687 20688 20689 20690 20691 20692 20693 20694 20696 20697 20699 20701 20730 20746 
	}
	weather={
	}
}
