
strategic_region={
	id=65
	name="STRATEGICREGION_65"
	provinces={
		95 180 452 584 697 828 836 1038 1091 1352 1644 1826 1834 2056 2111 2446 2637 2762 2821 2956 2961 2974 3815 4086 4420 4496 5028 5220 5359 5608 5644 6821 6920 7111 7139 7745 8271 8607 8618 8857 9244 9317 9442 9565 15470 15488 15505 15562 15568 15570 15588 15603 15609 15617 15618 15625 15627 15645 15693 15697 15703 15712 21015 21016 21017 21018 21019 21020 21021 21022 21023 21024 21025 21026 21027 21028 21029 21030 21031 21032 21033 21034 21035 21036 21037 21039 21040 21041 21042 21043 21044 21045 21046 21047 21048 21642 21643 21644 
	}
	weather={
	}
}
