
strategic_region={
	id=7
	name="STRATEGICREGION_7"
	provinces={
		61 310 467 664 1610 1813 1832 1867 1984 2476 2596 2619 2714 2759 2834 3032 3174 3223 3408 3577 3700 3800 3896 3909 3932 4111 4215 4309 4407 4426 4659 4741 4912 5071 5271 5302 5308 5329 5332 5448 5566 5678 5716 5929 6066 6403 6775 6978 6995 7218 7355 7366 7504 7710 7864 7909 7959 8046 8128 8168 8214 8280 8341 8628 8639 8683 8729 8781 9057 9121 9124 9140 9168 9306 9483 9494 9570 13173 13232 13238 13277 13322 13323 13324 13342 13353 13358 13365 13381 13396 13402 13421 13425 13435 13439 13443 13462 13476 13486 13496 13497 13558 13563 13568 13572 13573 13599 13612 13613 13639 13648 13655 13668 13683 13704 13706 13713 13717 13738 13739 13750 13751 13774 13779 13783 13789 13828 13862 13866 13885 13894 13895 13903 13909 13912 13916 13945 13953 13968 13972 13987 13994 14000 14001 19321 20799 20809 20810 20811 20812 20813 20814 20815 20816 20817 20818 20819 20820 20821 20822 20823 20824 20825 20826 20827 20828 20829 20830 20831 20832 20833 20834 20835 20836 20837 20838 20839 20840 20841 20842 20843 20844 20845 20846 20847 20848 20849 20850 20851 20852 20866 
	}
	weather={
	}
}
