
strategic_region={
	id=70
	name="STRATEGICREGION_70"
	provinces={
		395 740 1053 1367 2874 3282 3694 3903 4263 5014 5373 5520 5615 5921 6357 6415 6447 6808 6936 7174 7506 7566 7583 7596 7618 7690 7843 7903 7938 8133 8152 8507 8551 8574 8700 8976 9136 9214 9315 9364 9545 9603 9669 11867 11887 11888 11898 11914 11931 11944 11952 11970 11974 11995 12033 12083 12084 12092 12131 12141 12142 12152 12166 12201 12207 12215 12226 12250 12286 12292 12293 12294 12298 12319 12370 12377 12401 12414 12439 12482 12495 12534 12538 12539 12543 12583 12606 12611 12623 12629 12654 12673 18983 20632 20664 20668 20669 20672 20698 20700 20702 20703 20704 20706 20707 20708 20709 20710 20711 20712 20717 20718 20719 20720 20721 20722 20723 20728 
	}
	weather={
	}
}
