
strategic_region={
	id=71
	name="STRATEGICREGION_71"
	provinces={
		355 764 1286 1520 1741 1906 2048 2113 2137 2347 2588 2670 3045 3281 3342 3431 3455 3538 3644 3741 4081 4977 5012 5105 5161 5206 5947 5948 6225 6520 6595 6711 7003 7010 7012 7100 7157 7225 7279 8304 8421 8592 9182 9183 9319 9558 14932 14956 14963 14965 14966 14970 14975 14977 14981 14993 15001 15005 15015 15021 15030 15037 15038 15058 15061 15067 15073 15076 15085 15090 15098 15121 15125 15131 15143 15168 15182 21446 21449 21451 21452 21457 21458 21459 21460 21461 21469 21532 21535 21539 21547 21548 21550 21551 21571 21572 21573 21574 21575 21576 21577 21578 21579 21580 21581 21626 21627 
	}
	weather={
	}
}
