
strategic_region={
	id=72
	name="STRATEGICREGION_72"
	provinces={
		394 458 512 979 1003 1737 2232 2520 2557 2595 2689 3263 3363 3414 3859 3890 4214 4517 5824 5913 6060 6161 6456 6738 7056 7118 7477 7595 7770 7897 8230 9194 9608 9652 15181 15208 15212 15231 15251 15261 15265 15266 15270 15276 15286 15292 15306 15308 15323 15329 15339 15354 15357 15372 15423 21356 21358 21364 21368 21373 21377 21382 21383 21385 21386 21387 21392 21394 21399 21400 21402 21406 21409 21412 21414 21416 21422 21423 21427 21430 21470 21554 21599 21603 21604 
	}
	weather={
	}
}
