
strategic_region={
	id=73
	name="STRATEGICREGION_73"
	provinces={
		2423 2513 2666 2729 2736 2852 3013 3137 3161 3240 3585 3633 4036 4136 4138 4158 4260 4506 4771 4876 5110 5305 5541 5807 5981 6913 6982 7131 7210 7345 7644 8267 9056 9517 15320 15333 15384 15392 15396 15414 15439 15448 15450 15453 15460 15475 15485 15486 15493 15514 15515 15525 15536 15545 15548 15549 18579 19190 19192 19194 19336 21350 21351 21352 21353 21354 21355 21357 21359 21360 21361 21363 21365 21367 21369 21371 21374 21376 21378 21379 21380 21381 21388 21395 21472 21473 21488 21590 21596 21621 21622 21623 
	}
	weather={
	}
}
