
strategic_region={
	id=74
	name="STRATEGICREGION_74"
	provinces={
		329 368 413 630 662 732 832 977 1149 1174 1564 1877 1893 2030 2296 2737 2785 2931 2940 3004 3058 3412 3423 3590 3780 4163 4321 4340 4595 4614 4775 4825 4873 5212 5370 5409 5699 5875 6437 6583 7089 7106 7167 7285 7391 7716 7888 8119 8338 8428 8679 8760 8763 9206 9238 9251 15080 15111 15134 15135 15157 15159 15172 15173 15174 15185 15195 15196 15197 15202 15203 15204 15205 15210 15218 15225 15232 15234 15235 15236 15245 15258 15259 15277 15294 15310 15311 15317 15325 15346 15352 15370 15379 15404 15409 15412 15426 18730 19174 19179 19182 19185 21384 21397 21407 21408 21410 21411 21415 21418 21419 21428 21431 21432 21433 21440 21549 21557 21560 21563 21564 21565 21566 21567 21584 21589 21591 21592 21594 21595 21598 21600 21601 21602 21605 21606 21607 21608 21609 21610 21612 21614 21616 21617 21618 21619 21624 21625 
	}
	weather={
	}
}
