
strategic_region={
	id=75
	name="STRATEGICREGION_75"
	provinces={
		1622 3835 4060 4520 11865 15621 16108 16212 16301 16425 16439 16577 16595 16799 16851 16888 16994 17049 17139 17183 17276 17398 17475 17491 17569 17572 17626 17673 17831 18003 18094 18429 18449 18452 18458 18466 18472 20287 20288 20289 20290 20291 20292 20293 20295 20296 20297 20298 20299 20300 20301 20302 20303 20304 20305 20306 20307 20310 20311 20312 20316 20317 20318 20319 20320 20321 20322 20323 20324 20325 20349 20350 20351 20352 20353 20354 20355 
	}
	naval_terrain=water_fjords
	weather={
	}
}
