
strategic_region={
	id=78
	name="STRATEGICREGION_78"
	provinces={
		17 55 138 147 193 205 214 305 307 312 401 487 573 806 810 940 945 965 1010 1040 1054 1117 1245 1507 1509 1636 1680 1707 1709 1724 1837 1885 1971 2059 2097 2275 2390 2509 2539 2589 2628 2669 2717 2926 3084 3138 3179 3340 3478 3575 3653 3684 3710 3712 3795 4159 4202 4523 4600 4892 4987 4991 5061 5114 5123 5144 5157 5237 5260 5293 5401 5469 5632 6139 6360 6406 6422 6657 6669 6792 6852 7039 7054 7299 7508 7543 7570 8020 8038 8064 8184 8418 8462 8481 8669 8754 8833 8851 8879 9188 9191 9218 9324 9447 9530 9631 9661 13148 13226 13305 13344 13368 13378 13406 13440 13451 13477 13478 13504 13505 13509 13550 13551 13570 13575 13581 13582 13590 13610 13628 13642 13645 13673 13674 13687 13705 13709 13728 13735 13742 13765 13766 13772 13773 13788 13791 13797 13798 13832 13838 13844 13845 13855 13864 13874 13878 13888 13901 13915 13928 13978 13990 13997 14023 14029 14030 14085 14100 14113 14133 15839 15840 15843 15844 15854 15855 15879 19852 
	}
	weather={
	}
}
