
strategic_region={
	id=8
	name="STRATEGICREGION_8"
	provinces={
		120 483 596 713 907 1064 1230 1318 1434 1498 1506 1790 2167 2195 2205 2211 2217 2428 2499 2546 2579 2731 2743 2925 3264 3308 3517 3539 3687 3747 3823 3829 3904 4066 4097 4103 4117 4177 4243 4265 4284 4683 4779 4807 4885 4952 5170 5210 5512 5564 5656 5679 5812 5848 6191 6325 6408 6506 6689 6708 6766 6771 7223 7264 7351 7359 7372 7473 7582 7629 7796 7998 8036 8199 8215 8387 8664 8667 8722 8770 8951 8970 8980 9135 9290 9313 9347 9433 12393 12473 12474 12496 12510 12524 12535 12550 12551 12565 12566 12584 12600 12613 12624 12630 12640 12646 12647 12655 12661 12681 12682 12688 12689 12695 12701 12705 12721 12727 12738 12755 12762 12767 12779 12784 12785 12786 12800 12807 12810 12816 12817 12824 12825 12837 12838 12839 12845 12846 12877 12882 12893 12904 12924 12925 12929 12930 12940 12941 12948 12963 12964 12971 12978 12979 12980 12995 13014 13015 13031 13040 13061 13062 13074 13081 13090 13126 13136 13137 13154 20056 20057 20058 20059 20060 20061 20062 20063 20064 20065 20066 20067 20068 20071 20867 21640 
	}
	weather={
	}
}
