
strategic_region={
	id=80
	name="STRATEGICREGION_80"
	provinces={
		220 430 485 635 1700 1704 1717 2399 2733 2855 2936 2945 3024 3290 3597 3743 4009 4544 4713 4721 4838 5312 5390 5400 5490 6046 6369 6524 6873 6922 7353 7586 7694 7736 8033 8279 8964 9035 9106 9403 9670 14804 14827 14832 14838 14855 14865 14871 14873 14888 14890 14894 14897 14900 14919 14921 14941 14948 14951 14954 14955 14960 14967 14983 14988 15011 15024 15132 19758 19759 19760 19761 19762 19801 19806 19807 19808 19827 19833 20507 20508 20525 
	}
	weather={
	}
}
