
strategic_region={
	id=84
	name="STRATEGICREGION_84"
	provinces={
		411 436 528 605 670 931 2045 2065 2148 2304 2373 2726 2859 2888 3048 3325 3365 3722 4008 4122 4212 4308 4693 4874 5008 5166 5450 5482 5488 5493 5516 5532 5685 5767 5963 6098 6471 6630 6733 6988 7598 7650 7659 8300 8410 8654 9336 9583 9596 15032 15065 15095 15096 15103 15120 15124 15140 15148 15149 15171 15175 15179 15191 15222 15226 15230 15246 15250 15255 15260 15269 15271 15280 15283 15299 15314 15341 18656 19740 19745 19746 19749 19750 19751 19752 19781 19782 19783 19784 19785 19786 19799 19800 19803 20509 20510 20511 20512 20513 20514 
	}
	weather={
	}
}
