
strategic_region={
	id=87
	name="STRATEGICREGION_87"
	provinces={
		149 202 724 783 824 1208 1225 1366 1537 1676 1777 1854 1941 1986 2015 2216 2606 2751 2873 2915 3072 3085 3088 3170 3239 3372 3623 3725 3834 3923 4016 4124 4167 4472 4621 4760 4949 5198 5346 5379 5522 5728 5765 5881 5915 5987 6198 6248 6256 6384 6444 6464 6510 6703 6829 6889 6941 7069 7184 7226 7443 7479 7624 7758 7899 7918 7948 8439 8733 8835 8848 9011 9034 9180 9210 9362 9416 9551 9598 9649 14070 14106 14111 14141 14156 14159 14180 14183 14192 14203 14220 14260 14261 14268 14291 14318 14342 14372 14387 14430 14431 14435 14439 14447 14465 14485 14527 14548 14553 14589 14603 14634 14639 14646 14658 14708 14711 14721 19816 19817 19821 19823 19828 19829 19830 19834 19842 19843 19856 19859 19869 20491 20492 20493 20494 20522 20523 20526 
	}
	weather={
	}
}
