
strategic_region={
	id=88
	name="STRATEGICREGION_88"
	provinces={
		479 766 953 1046 1235 1672 2276 2444 3235 3333 3547 4400 4435 4740 5366 5381 5478 5735 5794 6011 6613 6624 6678 6841 7175 7718 7841 8314 8467 8538 8671 8975 8998 9043 9231 9248 9356 12822 12938 12945 12958 12984 13013 13023 13059 13089 13129 13170 13205 13206 13246 13296 13307 13380 13395 13419 13423 13438 13446 13483 13484 13538 13544 13562 13618 13630 13636 13654 13678 13679 13702 13724 13737 13749 13795 13804 13925 16096 16295 16640 16743 16769 17071 17274 17872 19841 19846 19847 19848 19849 19851 20486 20489 20490 20504 
	}
	weather={
	}
}
