
strategic_region={
	id=89
	name="STRATEGICREGION_89"
	provinces={
		65 73 497 1406 1797 1882 2482 2498 2973 3177 3307 3520 3542 3818 3866 3935 3954 4143 4392 4933 5137 5138 5208 5521 6087 6106 6129 6187 6200 6429 6469 6562 6834 6865 6945 7085 7234 7286 7332 7440 7539 7646 7739 8206 8296 8310 8352 8378 8744 8767 8956 9257 9368 9387 9556 9580 9654 12284 12325 12334 12376 12411 12493 12502 12521 12528 12593 12597 12617 12637 12659 12664 12716 12754 12760 12766 12771 12790 12797 12814 12823 12835 12870 12894 12900 12908 12937 12952 12976 12992 13002 13003 13027 13053 13068 13088 13099 13114 13124 13125 13132 13152 13153 13168 13169 13185 13217 13222 13229 13245 13257 13260 13269 13285 13417 16150 19850 19853 19864 19865 19884 19885 19886 19887 19888 19889 
	}
	weather={
	}
}
