
strategic_region={
	id=9
	name="STRATEGICREGION_9"
	provinces={
		281 561 899 1099 1120 1237 1577 1693 2000 2268 2421 2488 2684 2882 3541 3660 4497 4565 4948 5751 5773 5849 5899 5933 6563 6984 7004 7081 7227 7262 7485 7523 7828 7846 7926 8131 8359 8528 8776 9571 9597 10752 10795 10837 10840 10853 10855 10879 10885 10893 10894 10910 10939 10965 10999 11033 11034 11067 11091 11094 11113 11118 11122 11138 11161 11162 11168 11171 11190 11210 11226 11248 17194 18151 18762 19312 19905 19906 19933 19936 20457 20458 20459 20469 20470 20471 20472 20473 20474 20475 20476 20477 20478 20479 
	}
	weather={
	}
}
