
strategic_region={
	id=90
	name="STRATEGICREGION_90"
	provinces={
		35 100 440 835 1087 1126 1256 1341 1448 1730 1794 1899 1903 2190 2887 2934 2987 3047 3226 3301 3303 3358 3399 3453 3627 3799 4317 4610 4917 4951 5307 5489 5803 5890 6234 6274 6299 6454 6491 6831 6863 6906 6929 7011 7049 7203 7410 7433 7447 7459 7478 7502 7544 7653 7670 7754 7768 8264 8461 8596 8933 8959 9025 9100 9439 9456 9516 9560 13331 13363 13394 13418 13495 13528 13606 13611 13629 13664 13755 13756 13769 13803 13811 13818 13822 13857 13875 13892 13922 13964 14016 14039 14040 14054 14068 14101 14121 14122 14129 14152 14162 14169 14173 14181 14187 14198 14234 14269 14288 19824 19825 19835 19838 19839 20503 
	}
	weather={
	}
}
