
strategic_region={
	id=93
	name="STRATEGICREGION_93"
	provinces={
		673 1068 1109 1780 2226 2308 2504 2526 2661 3100 3366 3751 4362 4474 4502 4525 5178 5635 5770 5819 6065 6195 6377 6727 6747 6919 7016 7052 7064 7749 8072 8134 8561 8750 8757 8787 8842 8858 9066 9337 13422 13453 13454 13470 13518 13533 13534 13578 13596 13617 13670 13692 13700 13722 13748 13762 13786 13802 13834 13851 13890 13906 13938 13979 13993 13999 14019 14038 14067 14110 19818 19822 19836 19837 19844 19857 19858 19866 20505 
	}
	weather={
	}
}
