
strategic_region={
	id=94
	name="STRATEGICREGION_94"
	provinces={
		4642 64 773 895 914 948 1325 1369 1628 1631 1734 1845 2183 2320 2389 2427 2778 3005 3082 3167 3195 3241 3817 4107 4368 4372 4421 4577 4907 4943 5046 5186 5192 5461 6002 6039 6264 6396 6487 6560 6567 6574 6759 6862 7467 7541 7695 7851 7894 7907 8001 8148 8189 8463 8571 8579 8629 8808 8831 8834 8912 8963 8999 9270 9512 12056 12080 12093 12094 12103 12108 12113 12120 12124 12125 12161 12173 12178 12179 12235 12279 12295 12314 12328 12406 12416 12417 12430 12431 12450 12463 12475 12483 12497 12505 12511 12525 12536 12559 12585 12586 12587 12601 12631 12657 12658 12677 12678 12706 12722 12739 12743 12744 12747 12780 12781 12787 12808 12826 12847 12848 12859 12872 12905 12911 12920 12926 12959 13018 19909 19910 19911 19912 19913 19937 19938 19939 
	}
	weather={
	}
}
