
strategic_region={
	id=99
	name="STRATEGICREGION_99"
	provinces={
		212 306 438 478 510 583 730 793 928 1025 1180 1338 1778 1833 1900 2143 2598 2764 3154 3165 3215 3331 3461 3674 3713 3970 4020 4027 4105 4206 4255 4374 4574 4852 4895 4939 5134 5207 5249 5342 5581 5583 5626 5657 5950 6117 6137 6149 6353 6368 6523 6670 7338 7389 7507 7707 7778 8021 8482 8928 8932 9303 9381 12380 12441 12452 12499 12553 12572 12632 12642 12691 12723 12750 12763 12764 12811 12830 12841 12849 12860 12878 12884 12913 12933 12965 13005 13034 13076 13084 13139 13140 13182 13225 13233 13241 13249 13278 13282 13302 
	}
	weather={
	}
}
