3 3 12038 12117 4569 
3 3 4569 12140 12176 
3 3 12176 12219 8366 
3 5 4569 12200 12277 12333 7887 
3 2 12333 2580 
3 2 8366 8709 
3 3 8366 12192 8709 
3 3 2580 12353 12375 
3 4 12375 12332 5660 1501 
3 3 1501 12382 8810 
3 2 12038 12031 
3 3 12031 7638 19412 
3 3 8810 12344 12446 
3 6 12031 5634 12248 5597 12305 1501 
3 5 12038 12199 12198 7775 12375 
3 5 12446 2284 12420 779 12324 
3 2 12420 19410 
3 5 12324 7136 7339 12427 19409 
3 5 19409 4416 5976 7588 5768 
2 5 5768 5255 12561 7419 8962 
2 3 8962 6522 12670 
3 4 4416 12509 9022 5768 
3 4 19409 7689 12352 9581 
3 4 7481 6518 7978 9581 
3 4 7481 12139 19420 19419 
3 8 19412 4238 7666 6638 8078 5508 7063 12324 
3 2 1458 8810 
3 8 5634 12175 7291 1458 12225 1034 6435 779 
3 2 7666 6784 
3 5 19419 12026 3595 5806 6784 
3 3 19419 12106 8078 
3 4 11935 11864 3972 6529 
3 4 3972 6461 1262 2747 
2 5 2747 11627 6570 11735 6461 
2 2 2747 11555 
2 5 2747 11611 11683 6142 11761 
2 4 4503 11761 11590 11517 
3 2 8881 11832 
3 5 19413 11832 8719 3847 5193 
3 4 19412 12013 3838 6784 
3 2 12013 11934 
3 6 11934 6007 1909 8809 11698 11653 
3 7 12026 11964 7617 9058 11794 11740 11653 
3 3 9058 11897 8809 
3 3 11934 8868 11897 
3 2 11794 1868 
3 2 12031 12008 
3 4 12038 12008 5813 19413 
3 4 12008 11919 8881 4503 
3 5 12031 12199 4569 4687 12008 
3 4 12038 4687 2370 12032 
3 3 4687 11954 11935 
3 5 12031 3966 8946 2445 6007 
3 2 2445 11918 
3 4 12031 5813 11918 11872 
3 3 11872 11829 11781 
3 3 5193 4944 11504 
3 5 11504 7137 6507 5414 11215 
3 2 5414 11178 
3 4 11781 11714 8472 6961 
3 2 11698 19415 
3 4 6961 11620 11674 19415 
3 5 2445 11875 11808 6923 19415 
3 5 6961 11564 4705 11338 8633 
3 5 8633 11276 5624 1876 11462 
3 3 11564 706 11462 
3 4 11653 57 11578 11564 
2 4 11653 2907 8666 11587 
2 4 11587 11550 11538 19422 
2 5 19422 11349 19421 2352 19416 
3 3 12026 7674 12007 
3 2 12007 12091 
2 5 12091 12037 8350 11993 19411 
2 5 19411 6289 11962 2727 6182 
2 3 11550 11610 11632 
2 7 11962 798 11858 9365 504 3973 11632 
3 3 11349 11328 11264 
3 3 11550 11531 57 
3 3 57 11497 990 
3 2 11550 11403 
3 4 990 11403 2710 11328 
3 4 11610 11697 3952 19414 
3 4 12007 11963 8907 19414 
2 4 8350 5253 11847 19414 
2 3 12091 7272 5253 
2 3 19414 11816 1868 
2 4 9365 5780 11807 3952 
2 4 11632 1029 19423 11349 
3 6 11564 11476 11388 11350 11303 11252 
3 4 11403 11329 8104 11252 
3 4 8633 11231 5352 11303 
3 3 11264 11230 11247 
3 3 11247 11189 11108 
3 2 11108 6722 
3 3 8104 11205 11247 
3 5 11252 5420 11165 11109 9077 
3 6 11252 3378 11176 11146 11101 11110 
3 5 9077 9386 11117 11073 11101 
3 3 11276 11223 4633 
3 5 4633 11147 11088 105 7848 
1 2 11323 11292 
3 7 5193 7330 11454 7444 11292 7728 4633 
3 4 11223 11177 554 11049 
3 4 11110 11074 554 11088 
3 5 11049 10996 5616 10979 7901 
3 5 7901 10932 10919 10863 10878 
3 6 11073 7532 4391 8017 10851 10878 
3 3 554 1332 4391 
3 2 10839 10851 
3 3 8017 10877 10839 
1 2 10851 10824 
3 3 10839 10812 6749 
2 2 10812 4742 
2 6 6749 10749 9161 10775 10802 19396 
2 4 6722 11057 10937 3097 
2 5 3097 8723 6682 3895 10802 
3 3 11108 3689 11109 
3 5 3689 6921 9007 6785 3895 
3 8 6749 4697 4187 10630 1745 6466 10593 10553 
3 5 19396 1842 10685 2246 10593 
2 7 19396 10738 8504 6390 5274 10774 9237 
2 7 9237 8159 10667 10607 1218 19393 19394 
2 6 19394 10566 10552 19400 10461 4063 
3 4 10553 10579 7414 7428 
3 4 19394 10576 19395 7428 
2 5 8504 7622 7691 8788 19393 
2 4 8504 9295 5435 8788 
1 3 5435 9638 10579 
3 2 7428 10519 
2 5 10519 4101 10470 10380 10443 
2 2 10519 7268 
2 3 7428 8441 19400 
2 4 10461 4993 3805 2481 
2 6 10443 10430 9082 10369 10356 19398 
1 4 10380 4732 10384 10369 
1 2 19398 10286 
2 7 19398 10338 10301 3663 10264 6494 10284 
1 7 10284 8272 845 10222 1803 3213 4599 
1 4 8272 4735 19456 10283 
2 9 19391 11298 8 11322 2862 4994 11595 4082 7746 
1 4 7746 76 2349 11754 
1 8 2349 11626 8929 9041 11429 11359 11306 19391 
2 5 19388 6645 11602 11660 7746 
2 5 19388 11637 9529 5596 2912 
2 8 2912 6174 6370 5458 8591 7284 11815 7746 
2 6 19388 9593 11691 5458 4818 11917 
1 4 4818 11896 1315 2248 
2 4 9593 11602 4319 4994 
2 7 11322 8080 4488 11251 11263 8649 19387 
1 6 11251 5877 9419 5528 11119 5665 
1 3 5528 8594 5791 
2 7 4488 11246 6094 6034 8396 7814 10907 
2 4 1994 10891 10909 10897 
2 8 1994 2364 10823 10806 8501 10733 5582 19389 
2 6 19391 1242 8578 5834 1890 10897 
2 6 1890 9528 5586 5504 9561 11246 
2 6 10897 2536 10871 1755 10801 19389 
