1 990 
1 1501 
1 1868 
1 1994 
1 2580 
1 2747 
1 2912 
1 3097 
1 4503 
1 4569 
1 4633 
1 4742 
1 5193 
1 5768 
1 6182 
1 6529 
1 6722 
1 6749 
1 6784 
1 7428 
1 7481 
1 7617 
1 7746 
1 7848 
1 7887 
1 7901 
1 8366 
1 8633 
1 8709 
1 8810 
1 8962 
1 9077 
1 9237 
1 9581 
1 10284 
1 10443 
1 10519 
1 10553 
1 10839 
1 10897 
1 10907 
1 11049 
1 11108 
1 11110 
1 11215 
1 11247 
1 11252 
1 11264 
1 11323 
1 11462 
1 11504 
1 11517 
1 11578 
1 11587 
1 11632 
1 11781 
1 11872 
1 11917 
1 11934 
1 11935 
1 12007 
1 12031 
1 12032 
1 12038 
1 12091 
1 12176 
1 12324 
1 12375 
1 12446 
1 19387 
1 19388 
1 19389 
1 19391 
1 19394 
1 19396 
1 19398 
1 19409 
1 19410 
1 19411 
1 19412 
1 19413 
1 19414 
1 19419 
1 19422 
