
state={
	id=1169
	name="STATE_1169"

	history={
		owner = SOV
		add_core_of = SOV
		add_core_of = RUS
		buildings = {
			infrastructure = 3

		}
		victory_points = {
			5100 20 
		}
		victory_points = {
			6214 2 
		}

	}

	provinces={
		409 1150 1313 1872 1965 2104 2703 2871 3302 3934 4017 4128 4325 4386 4432 4750 4765 5100 5258 5681 5939 5964 6214 6476 6580 6594 6687 6886 7240 7445 7701 8345 8726 8918 9196 9225 9554 9939 9974 10001 10026 10064 10072 10082 10086 15949 16030 16031 16050 16166 16197 16265 16276 16361 16393 16448 16491 16502 16572 16573 16722 16764 16780 16801 16864 16867 16955 17007 17013 17018 17090 17143 17175 17337 17387 17416 17516 17602 17737 17758 17792 17844 17864 18113 18357 18366 18369 18392 18440 18468 18485 18685 19050 19052 19053 19057 19300 
	}
	manpower=301702
	buildings_max_level_factor=1.000
	state_category=city
	local_supplies=0.000
}
