
state={
	id=14
	name="STATE_14"
	provinces={
		32 42 59 107 374 390 472 742 749 780 900 961 1191 1523 1625 1695 1715 1807 1862 1955 2084 2413 2455 2500 2548 2629 2632 2810 3204 3528 3657 4079 4453 4813 6222 7526 9684 9700 9701 9711 9716 9717 9723 9725 9727 9729 18539 18553 18589 18593 18600 18652 18677 18680 18686 18702 18720 18732 18791 18800 18801 18802 18804 18805 18806 18822 18823 18825 18826 18827 18831 18832 18834 18835 18836 18837 18859 18879 18880 18884 19260 19676 19677 
	}
	manpower=0
	buildings_max_level_factor=1.000
	local_supplies=0.000
}
