
state={
	id=154
	name="STATE_154"
	provinces={
		156 239 435 589 850 938 1231 1244 1731 1743 1769 1787 1910 2011 2064 2118 2142 2264 2332 2433 2697 2977 2988 3118 3126 3518 3670 3948 4042 4272 4616 4644 4986 5081 5278 5292 5319 5486 5552 5633 6165 6391 6681 6952 7152 7266 7499 7609 8323 8326 8414 8655 8684 9614 9625 10153 10176 10186 10193 10218 10280 10302 10316 10320 10332 10350 10371 10386 10400 10416 10422 10452 10457 10468 10472 18709 19096 19307 
	}
	manpower=0
	buildings_max_level_factor=1.000
	local_supplies=0.000
}
