
state={
	id=19
	name="STATE_19"

	history={
		owner = SOV
		add_core_of = SOV
		add_core_of = RUS
		add_core_of = SAP

	}

	provinces={
		16 19 51 137 170 285 346 364 463 464 604 667 688 786 829 838 844 986 1279 1451 1481 1675 1961 1979 2078 2123 2405 2754 2864 3087 3113 3477 3922 4357 4511 4786 5531 5830 5897 6059 6342 7164 7656 7958 8058 8450 9628 9688 9696 9702 9703 9709 9710 9715 9724 9726 18555 18561 18564 18607 18621 18622 18657 18675 18687 18695 18718 18754 18768 18811 18817 18819 18824 18828 18830 18833 18854 18855 18856 18857 18861 18867 19247 19252 19254 19257 19707 19708 19709 19710 
	}
	manpower=109800
	buildings_max_level_factor=1.000
	state_category=rural
	local_supplies=0.000
}
