
state={
	id=19
	name="STATE_19"
	provinces={
		16 19 51 137 170 200 201 285 346 364 463 464 591 604 667 688 786 829 838 844 986 1279 1330 1451 1481 1675 1961 1979 2078 2123 2405 2754 2864 3087 3093 3113 3280 3477 3922 4357 4511 4786 5286 5531 5830 5897 6059 6342 7164 7656 7958 8058 8450 9628 9686 9688 9696 9702 9703 9709 9710 9715 9724 9726 18533 18555 18558 18561 18564 18565 18567 18604 18607 18621 18622 18653 18657 18675 18681 18683 18687 18695 18714 18717 18718 18719 18735 18754 18768 18776 18807 18808 18810 18811 18812 18813 18817 18819 18821 18824 18828 18830 18833 18839 18840 18841 18844 18854 18855 18856 18858 18860 18861 18862 18863 18867 19246 19247 19249 19252 19254 19257 19673 19674 19675 19707 19708 19709 19710 
	}
	manpower=0
	buildings_max_level_factor=1.000
	local_supplies=0.000
}
