
state={
	id=195
	name="STATE_195"
	provinces={
		108 152 874 1086 1420 1661 2072 2377 2415 2518 2820 3076 3260 3495 3661 3967 4156 4254 4291 4353 4578 4624 5505 5621 5651 6151 6339 6383 6860 6964 7082 7141 7178 7352 7435 7601 7626 7804 7820 8540 8587 8617 8950 9052 9159 9233 9274 9287 9550 9572 10423 10448 10453 10473 10480 10486 10487 10503 10506 10524 10541 10544 10549 10555 10564 10567 10568 10591 10603 10613 10632 10633 10648 10649 10653 10654 10663 10664 10672 10673 10680 10688 10689 10691 10692 10694 10698 10703 10716 10731 10735 10764 10766 10772 10776 10785 10796 10820 10846 10881 
	}
	manpower=4897718
	state_category = megalopolis
	buildings_max_level_factor=1.000
	local_supplies=0.000
}
