
state={
	id=200
	name="STATE_200"
	provinces={
		48 278 442 797 884 1575 1612 1827 1839 2125 2574 3025 3073 3080 3289 3708 3719 3783 3824 3945 3981 4071 4225 4246 4352 4423 4830 4932 5010 5610 5988 6030 6069 6088 6246 6700 6731 6752 6809 6992 7046 7188 7484 7568 7703 7737 7779 7806 7989 8054 8057 8110 8164 8818 9389 9427 9454 9537 10477 10509 10542 10559 10571 10583 10605 10606 10612 10614 10628 10629 10634 10655 10661 10665 10678 10684 10690 10695 10717 10718 10722 10727 10728 10739 10748 10754 10763 10777 10781 10788 10794 10798 10809 10813 10822 10826 10833 10843 10848 10849 10896 10936 
	}
	manpower=2796656
	state_category = megalopolis
	buildings_max_level_factor=1.000
	local_supplies=0.000
}
