state={
	id=201
	name="STATE_201"
	provinces={
		123 266 412 488 687 734 758 904 1140 1169 1362 1410 1492 1692 1703 2033 2085 2310 2323 2540 2687 2735 2774 2904 2990 3145 3356 3444 3446 3491 3639 3649 3777 3858 3907 3962 4173 4524 4536 4573 4585 4631 4632 4672 4678 4752 4783 4792 4910 4976 4998 5005 5013 5426 5533 5625 5729 5745 5789 5973 6019 6047 6116 6216 6277 6346 6392 6465 6537 6661 6665 6686 6756 6823 6983 7038 7060 7256 7380 7383 7424 7465 7512 7577 7612 7741 7817 7840 7947 8024 8075 8120 8265 8320 8416 8454 8631 8651 8661 8704 8720 8762 8819 9075 9097 9108 9144 9197 9232 9382 9443 10450 10489 10494 10510 10534 10543 10570 10578 10585 10598 10599 10644 10666 10669 10670 10696 10709 10740 10741 10755 10773 10778 10782 10789 10790 10791 10804 10805 10818 10819 10827 10836 10844 10850 10861 10862 10873 10875 10883 10899 10905 10906 10931 10961 10962 10972 10977 10984 11001 11026 11030 11038 11053 11064 11072 11087 11107 11128 11164 11170 11181 11182 11187 11221 11229 11245 11262 11296 11302 11318 11370 11380 11458 11459 11469 11524 11618 11619 11631 11636 11652 11669 11682 11727 11760 11780 11814 11885 11933 
	}
	manpower=3037208
	state_category = megalopolis
	buildings_max_level_factor=1.000
}
