
state={
	id=23
	name="STATE_23"
	provinces={
		37 78 131 248 407 419 426 446 559 615 646 837 855 905 932 1081 1202 1229 1331 1418 1527 1534 1607 1949 2039 2096 2241 2338 2436 2501 2521 3122 3360 3522 3832 3996 4048 4756 4802 5211 6825 7652 8663 8873 9491 9690 9693 9708 9721 9722 9731 9738 18532 18591 18706 18758 18815 18816 18818 18829 18845 18846 18881 18886 18894 19250 19251 19253 19255 19256 19258 19259 19261 19262 19556 19557 19558 19559 19560 19579 19580 19581 19582 19584 19585 19605 
	}
	manpower=0
	buildings_max_level_factor=1.000
	local_supplies=0.000
}
