
state={
	id=2380
	name="STATE_2380"
	provinces={
		56 63 286 336 356 371 417 651 917 966 1001 1148 1290 1634 1770 1828 1846 2144 2300 2398 2404 2464 2718 2744 2746 2787 2840 2844 2854 3053 3115 3494 3616 3717 3828 3931 4448 4467 4549 4757 4848 4883 5788 6513 7599 8007 8074 8255 8621 8665 8846 9656 9881 9899 9906 9914 9915 9925 9929 9935 9937 9953 9968 9969 9975 9983 10013 10014 10022 10034 10044 10073 10106 16120 18968 
	}
	history = {
		owner = SOV
		add_core_of = SOV
	}
	manpower=479865
	buildings_max_level_factor=1.000
	state_category=city
	local_supplies=0.000
}
