
state={
	id=2417
	name="STATE_2417"
	provinces={
		570 756 1199 1419 1423 1567 1848 2287 2346 2450 2640 2796 2861 2946 3506 3943 4005 4132 4220 4556 4677 4958 4989 5171 5324 5831 5985 6072 6207 7308 7518 7711 7844 7911 8263 8438 8598 8921 8978 9071 9176 12491 12520 12556 12560 12591 12592 12626 12644 12708 12715 12719 12740 12775 12804 12875 12943 12944 12956 13038 13057 13094 13112 13122 13145 13175 13204 13236 13300 13306 13372 13429 13491 13553 19104 
	}
	manpower=499356
	buildings_max_level_factor=1.000
	state_category=city
	local_supplies=0.000
}
