
state={
	id=2451
	name="STATE_2451"

	history={
		owner = SOV
		add_core_of = SOV
		add_core_of = RUS
		buildings = {
			infrastructure = 3

		}
        victory_points = { 6281 2 }
    }

	provinces={
		259 502 950 1018 1250 1483 2489 2566 3152 3533 3548 3729 3825 4091 4258 4297 4584 5052 5244 5584 5829 5857 5884 6281 6418 7346 7468 7608 7769 7968 8116 8405 8849 9392 9919 9920 9924 9932 9933 9934 9956 9982 9997 10002 10035 10041 10050 10053 10056 15925 16180 16190 16590 16695 16700 17390 17531 17677 17752 17803 17904 18287 18343 18391 18696 18738 18783 18942 19002 19018 19032 19037 
	}
	manpower=140588
	buildings_max_level_factor=1.000
	state_category=rural
	local_supplies=0.000
}
