
state={
	id=2471
	name="STATE_2471"
	resources={
		chromium=16.000
	}
	history = {
		owner = SOV
		add_core_of = SOV
		add_core_of = KAZ
		buildings = {
			infrastructure = 2
		}
		victory_points = {
			2306 2 
		}
	}

	provinces={
		595 621 1057 1066 1077 1263 1443 1493 1859 2286 2306 2559 2599 2605 2866 2951 2953 3107 3527 3770 3986 4038 4092 4108 4133 4457 4498 4561 4636 4714 4913 5269 5682 5927 6056 6253 6426 6896 6974 7357 7696 7699 7862 7992 7997 8094 8145 8236 8479 8685 8734 8825 9198 9527 12627 12768 12776 12855 12861 12869 12922 12928 13009 13010 13116 13117 13165 13243 13274 13319 13334 13369 13373 13399 13414 17627 17966 18272 18644 19103 19105 19106 19108 19318 
	}
	manpower=49108
	buildings_max_level_factor=1.000
	state_category=pastoral
	local_supplies=0.000
}
