
state={
	id=2628
	name="STATE_2628"
	provinces={
		406 699 1160 1380 1394 1494 1496 1627 2200 2292 2374 2410 2739 2875 2893 2921 3686 3716 3730 3753 3786 3885 3942 4062 4366 4936 4945 5126 5247 5295 5536 5855 6185 6217 6283 6389 6736 7013 7669 8056 8166 8262 9114 9115 12128 12218 12242 12274 12291 12303 12368 12410 12443 12470 12487 12547 12548 12571 12580 12596 12635 12645 12663 12741 12769 12805 12813 12887 12951 13045 13065 13079 13265 16698 18639 19102 19320 
	}
	history = {
		owner = SOV
		add_core_of = SOV
		add_core_of = KAZ
		buildings = {
			infrastructure = 2
		}
		victory_points = { 12242 2 }
	}
	manpower=43926
	buildings_max_level_factor=1.000
	state_category=rural
	local_supplies=0.000
}
