
state={
	id=285
	name="STATE_285"
	provinces={
		247 731 841 1022 1438 1444 1689 1914 1981 2671 3050 3103 3330 4576 4613 4615 4858 5321 5339 5383 5423 5473 5698 6003 6020 6531 6576 6677 6791 6927 7022 7034 7348 7458 7627 7987 8377 8496 8648 9042 9179 9226 9318 11434 11496 11643 11659 11726 11753 11793 11851 11911 11929 11991 11992 12003 12070 12082 12098 12129 12170 12171 12275 12304 12343 12373 12398 12444 
	}
	manpower=967720
	buildings_max_level_factor=1.000
	state_category=large_city
	local_supplies=0.000
}
