
state={
	id=377
	name="STATE_377"
	provinces={
		234 372 661 877 1049 1316 1463 1631 1756 1845 2486 3114 3195 3568 3860 4598 4943 5374 5444 5461 5905 6396 6782 6797 7109 7205 7305 7467 7788 8067 8385 8449 8502 8629 8999 11671 11677 11721 11737 11768 11785 11795 11825 11846 11901 11906 11907 11926 11972 11988 12024 12056 12094 12095 12103 12161 12168 12173 12221 12279 12295 12328 12341 12348 12424 12431 12440 12475 12512 12518 12530 12588 19913 19914 
	}
	manpower=0
	buildings_max_level_factor=1.000
	local_supplies=0.000
}
