
state={
	id=38
	name="STATE_38"
	provinces={
		137 183 230 348 399 405 447 720 930 1583 1915 1974 2112 2963 3003 3410 3637 3643 3884 4424 4464 5022 5242 5386 6059 6819 7231 8707 9619 9715 9730 9758 9770 9853 9864 9905 18558 18560 18563 18567 18578 18604 18617 18653 18660 18666 18669 18674 18681 18683 18705 18719 18727 18760 18765 18857 18858 18860 18861 18862 18864 18865 18868 18869 18871 18873 18874 18878 18887 18890 18891 18898 18900 18903 18906 18908 18910 18917 18945 18946 18958 19257 19268 19283 19710 
	}
	manpower=0
	buildings_max_level_factor=1.000
	local_supplies=0.000
}
