
state={
	id=430
	name="STATE_430"
	provinces={
		251 296 406 699 1160 1205 1380 1394 1494 1496 1627 1649 1889 1896 2126 2200 2292 2374 2410 2636 2739 2875 2893 2921 3056 3250 3686 3716 3730 3753 3786 3885 3942 4062 4366 4455 4845 4936 4945 5078 5126 5247 5295 5536 5538 5697 5855 5996 6147 6185 6217 6283 6389 6421 6581 6736 7013 7520 7669 8056 8166 8262 8435 8563 8973 9008 9114 9115 9174 12128 12197 12214 12218 12242 12274 12290 12291 12303 12358 12368 12410 12443 12470 12487 12492 12514 12547 12548 12570 12571 12579 12580 12596 12628 12635 12645 12663 12693 12741 12769 12805 12813 12887 12951 13011 13045 13065 13079 13118 13127 13228 13265 18639 18781 19102 19320 
	}
	manpower=196432
	buildings_max_level_factor=1.000
	state_category=town
	local_supplies=0.000
}
