
state={
	id=457
	name="STATE_457"
	provinces={
		298 570 643 727 756 981 999 1016 1199 1288 1306 1419 1423 1567 1647 1848 1976 1990 2287 2346 2402 2450 2600 2640 2643 2700 2796 2861 2946 3042 3129 3141 3233 3383 3506 3513 3560 3570 3634 3707 3943 4005 4100 4132 4154 4220 4480 4516 4556 4589 4649 4677 4768 4958 4989 5019 5171 5300 5324 5500 5654 5831 5985 6072 6207 6275 6591 6684 6875 7058 7308 7326 7365 7518 7545 7672 7687 7692 7711 7756 7844 7911 8050 8073 8178 8237 8238 8263 8370 8438 8598 8614 8921 8941 8978 9071 9176 9178 9525 9543 12271 12282 12372 12381 12418 12456 12467 12478 12480 12491 12520 12541 12555 12556 12560 12564 12591 12592 12604 12619 12626 12634 12644 12685 12692 12708 12715 12719 12729 12735 12740 12753 12758 12775 12804 12812 12875 12886 12943 12944 12956 13000 13038 13057 13094 13103 13111 13112 13122 13144 13145 13175 13180 13204 13216 13236 13273 13300 13306 13329 13338 13348 13372 13429 13452 13464 13491 13553 13646 13669 13688 19104 
	}
	manpower=1997425
	state_category = metropolis
	buildings_max_level_factor=1.000
	local_supplies=0.000
}
