
state={
	id=464
	name="STATE_464"
	provinces={
		6 53 101 154 166 235 289 846 873 880 1019 1041 1130 1209 1271 1283 1462 1593 1635 1718 1758 1840 2089 2133 2311 2483 2621 2678 2705 2728 2849 3338 3369 3557 3573 3604 3665 3801 3853 3893 3913 4001 4021 4077 4151 4153 4176 4328 4443 4447 4582 4662 4793 4867 4915 4926 4979 5030 5036 5037 5368 5391 5392 5413 5511 5796 5918 6036 6070 6122 6186 6254 6371 6631 6698 6705 6725 6848 6893 6934 7083 7224 7252 7271 7313 7319 7381 7384 7430 7462 7500 7628 7665 7726 7732 7936 8065 8089 8469 8695 8728 8840 9015 9062 9084 9264 9300 9405 9466 9547 9643 9659 12351 12359 12387 12403 12445 12460 12488 12515 12537 12605 12616 12636 12669 12680 12698 12709 12720 12777 12796 12820 12834 12851 12888 12891 12907 12914 12917 12936 12962 12975 13001 13012 13022 13026 13030 13039 13066 13104 13105 13119 13128 13149 13150 13176 13190 13197 13198 13210 13221 13335 13345 13356 13437 13480 13517 13577 13595 13603 13604 13690 13721 13781 13801 13821 13902 13937 14120 14211 14244 14267 18631 18649 19115 
	}
	manpower=310684
	state_category=city
	buildings_max_level_factor=1.000
	local_supplies=0.000
}
