
state={
	id=511
	name="STATE_511"
	provinces={
		279 1145 1345 1570 2257 2409 2985 3298 3572 4196 4351 4462 4563 4667 4809 4955 4967 5205 5545 5600 5962 6141 6313 6892 7168 7176 7432 7597 7605 7647 7704 7776 7884 8105 8186 8245 8566 8640 9107 9155 9165 9203 9441 9475 12967 13008 13021 13044 13078 13086 13143 13164 13209 13251 13252 13259 13264 13291 13310 13318 13371 13383 13413 13428 13479 13510 13552 13560 13566 13583 13584 13623 13633 13643 13657 13660 13661 13680 13736 13760 13799 13807 13839 13879 
	}
	manpower=0
	buildings_max_level_factor=1.000
	local_supplies=0.000
}
