
state={
	id=561
	name="STATE_561"
	provinces={
		184 427 600 694 790 859 862 875 1074 1088 1167 1275 1439 1442 1513 1591 1665 1806 1897 2100 2121 2260 2328 2782 2853 2978 3081 3469 3631 3734 3774 3794 4033 4053 4171 4348 4397 4436 4782 4798 4822 4909 4931 5048 5509 5574 5853 6050 6092 6237 6350 6436 6480 6853 7033 7062 7067 7110 7202 7248 7427 7487 7632 7684 7744 7765 7822 7882 8083 8249 8294 8527 8634 8759 8914 9026 9171 9297 9653 13266 13292 13320 13339 13379 13415 13500 13501 13506 13532 13554 13555 13576 13591 13594 13602 13634 13653 13689 13729 13743 13754 13767 13768 13778 13800 13817 13833 13841 13850 13856 13872 13881 13911 13933 13934 13960 14031 14032 14107 14134 14176 19111 
	}
	manpower=209254
	state_category=large_town
	buildings_max_level_factor=1.000
	local_supplies=0.000
}
