
state={
	id=716
	name="STATE_716"
	provinces={
		111 213 341 593 746 754 934 968 1028 1132 1336 1377 1421 1732 1805 1851 1886 1948 2027 2527 2649 2857 3055 3123 3147 3228 3420 3507 3524 3544 3591 3615 3726 3888 4049 4067 4237 4266 4294 4337 4380 4828 4978 5154 5191 5301 5340 5354 5673 5839 5898 5911 6102 6401 6543 6555 6590 6801 6816 6998 7031 7077 7183 7196 7441 7442 7476 7712 7916 7937 8169 8235 8301 8459 9103 9277 9284 9288 9402 9409 9488 9509 14105 14161 14197 14199 14207 14229 14334 14356 14371 14380 14394 14423 14434 14481 14507 14522 14537 14547 14559 14566 14568 14570 14594 14624 14669 14670 14724 14748 14757 14781 14798 14837 14858 14859 14868 16843 17100 17578 18213 18630 19118 19129 19218 19327 19329 19330 
	}
	history = {
		owner = SOV
		add_core_of = SOV
		add_core_of = KAZ
		buildings = {
			infrastructure = 2
			7476 = { naval_base = 1 }
		}
		victory_points = { 16843 10 }
		victory_points = { 8301 10 }
	}
	manpower=199010
	buildings_max_level_factor=1.000
	state_category=town
	local_supplies=0.000
}
