
state={
	id=732
	name="STATE_732"
	provinces={
		67 175 217 860 1023 1101 1273 1599 1738 1895 2106 2313 2394 2459 2537 2667 3371 3380 3675 4394 4410 5069 5218 5496 5568 5577 5826 6348 6499 6612 6924 7091 7658 7729 8003 8506 8573 8740 9398 9468 14155 14171 14172 14182 14214 14240 14264 14311 14313 14333 14348 14355 14364 14385 14399 14412 14446 14471 14472 14480 14496 14512 14519 14526 14545 14573 14591 14593 14602 14614 14620 14621 14638 18726 19072 
	}
	manpower=2061847
	buildings_max_level_factor=1.000
	state_category=metropolis
	local_supplies=0.000
}
