
state={
	id=96
	name="STATE_96"
	provinces={
		103 259 389 409 502 587 701 950 1018 1032 1150 1188 1250 1251 1313 1483 1485 1569 1866 1872 1908 1965 2104 2214 2371 2489 2566 2703 2871 3070 3152 3173 3302 3326 3533 3548 3549 3559 3729 3820 3825 3848 3934 3947 4017 4091 4128 4258 4297 4325 4386 4432 4471 4584 4750 5029 5052 5070 5100 5244 5258 5579 5584 5681 5829 5857 5884 5939 5964 6057 6181 6204 6214 6281 6285 6324 6380 6418 6476 6580 6594 6687 6886 7122 7240 7346 7445 7468 7608 7701 7727 7769 7968 8019 8052 8116 8191 8345 8347 8405 8726 8849 8918 9196 9225 9255 9392 9451 9549 9554 9891 9919 9920 9924 9926 9930 9932 9933 9934 9939 9954 9956 9974 9982 9990 9996 9997 10001 10002 10021 10026 10035 10036 10041 10050 10053 10056 10059 10064 10072 10082 10086 10113 10135 18661 18685 19049 19050 19051 19052 19053 19054 19057 19291 19300 
	}
	manpower=0
	buildings_max_level_factor=1.000
	local_supplies=0.000
}
