
state={
	id=97
	name="STATE_97"
	provinces={
		277 455 722 901 1017 1121 1131 1175 1239 1566 1673 1789 2005 2299 2686 2748 2823 3337 3424 3450 3636 3732 4126 4302 4446 4475 4851 4864 4898 5087 5124 5296 5542 5752 5817 5993 6424 6532 6653 6753 6874 6967 7079 7124 7198 7349 7816 8241 8758 8885 8892 9104 9449 9460 9501 9534 10099 10112 10130 10145 10152 10175 10183 10189 10196 10197 10199 10205 10207 10217 10219 10223 10229 10244 10246 10277 10278 10303 10321 10340 10355 10366 10394 10401 10407 10409 10437 10499 
	}
	manpower=1606506
	buildings_max_level_factor=1.000
	state_category=metropolis
	local_supplies=0.000
}
